0.0, 0.0, 0.0, 0.0, 0.08521586, 0.066695, 0.0, 0.027353063, 0.0, 0.07628957
0.0, 0.011488132, 0.0, 0.075245626, 0.0, 0.0, 0.0, 0.0, 0.04988972, 0.08467772
0.0, 0.027051196, 0.0, 0.0, 0.06432397, 0.035544105, 0.023944713, 0.0, 0.07946416, 0.0
0.0, 0.061568968, 0.0, 0.0, 0.022098236, 0.0, 0.05497422, 0.0, 0.0, 0.0
0.015815496, 0.026842572, 0.039113514, 0.062642865, 0.040756308, 0.0, 0.0, 0.03228472, 0.0, 0.0042092055
0.0, 0.0, 0.0, 0.0, 0.0, 0.0, 0.0, 0.0, 0.0, 0.0
0.06581857, 0.0, 0.06372393, 0.014004566, 0.0, 0.029208913, 0.05060401, 0.047020398, 0.0, 0.070111446
0.0, 0.04986254, 0.0, 0.081769265, 0.0, 0.0, 0.0077491924, 0.0, 0.002328448, 0.0
0.06593277, 0.0, 0.0, 0.0, 0.08623553, 0.05531215, 0.0, 0.07687149, 0.02237492, 0.08164052
0.016267568, 0.0, 0.0, 0.0, 0.0, 0.044540115, 0.0, 0.0, 0.036247358, 0.0
0.0, 0.0, 0.0, 0.0, 0.043976016, 0.058837824, 0.0, 0.04769703, 0.016894571, 0.032226816
0.0, 0.029809043, 0.0, 0.0849906, 0.0036986172, 0.0, 0.079534255, 0.071439765, 0.0753983, 0.046417393
-0.0, -0.0, -0.0, 0.030197956, 0.072876394, 0.0028405508, -0.0, -0.0, 0.077075936, 0.0017607287
-0.0, -0.0, -0.0, 0.00886146, 0.04747527, 0.08485373, -0.0, 3.1530513e-07, -0.0, 0.044701792
0.019933874, 0.035064213, 0.033378337, -0.0, 0.03424748, -0.0, -0.0, 0.00015454539, 0.082925744, 0.08626128
1.5661611e-06, 0.049615983, 0.006513065, 0.0734836, 0.019878184, -0.0, 0.06303682, 0.021676343, -0.0, 6.091336e-06
0.0, 0.028266042, 0.06896558, 0.06151148, 0.0, 0.017653875, 0.0, 0.0, 0.0, 0.0
0.0, 0.0, 0.0, 0.0030855313, 0.054307066, 0.0, 0.07932868, 0.0, 0.0, 0.0
0.0, 0.0, 0.032878324, 0.013887323, 0.022350192, 0.054332472, 0.02479048, 0.020815574, 0.022786178, 0.014087133
0.0, 0.0056529045, 0.07077599, 0.0, 0.0, 0.0, 0.061339907, 0.0, 0.0, 0.068373956
0.042960383, 0.0, 0.045175396, 0.07220823, 0.0, 0.0, 0.053865217, 0.0, 0.0, 0.05264666
0.07782578, 0.0, 0.014632359, 0.052928083, 0.024551183, 0.05918888, 0.0, 0.0032598376, 0.0, 0.0
0.034280986, 0.003519982, 0.0, 0.0, 0.0024558082, 0.0, 0.046235733, 0.032699853, 0.018832907, 0.0148207545
0.0, 0.031444326, 0.0, 0.0, 0.076567106, 0.0039532036, 0.0, 0.0, 0.0, 0.036647096
0.0, 0.0, 0.068435304, 0.0, 0.07604302, 0.054738708, 0.0, 0.027116321, 0.007158302, 0.0
0.0, 0.081684, 0.00423532, 0.07707662, 0.0, 0.07598359, 0.047125913, 0.0, 0.002517201, 0.0
0.033435903, 0.0, 0.0, 0.0861638, 0.086834855, 0.0, 0.0, 0.0, 0.012937181, 0.0
0.011041746, 0.0, 0.0, 0.0, 0.0076643378, 0.073110186, 0.0, 0.0, 0.0, 0.0
0.0, 0.0, 0.0, 0.0, 0.0, 0.0, 0.0, 0.0, 0.0, 0.0
0.0030454323, 0.0, 0.0, 0.0, 0.020164773, 0.0, 0.0, 0.008875437, 0.033011816, 0.045747988
0.04134441, 0.06939427, 0.0, 0.0744481, 0.08382056, 0.007938825, 0.08526819, 0.0, 0.0, 0.04426352
0.03320355, 0.0, 0.0, 0.05818928, 0.0, 0.040237047, 0.0, 0.0, 0.0, 0.0
9.677135e-08, 0.013261365, 0.047955483, 0.05043372, 0.06885363, 0.013776797, -0.0, 0.00075330306, -0.0, 1.0799921e-05
0.04119435, -0.0, -0.0, 0.000781231, -0.0, 0.00056501495, -0.0, 0.04664737, -0.0, 0.00036360678
0.00057866506, 0.027486635, -0.0, 0.09612007, 4.354526e-13, 0.09985064, 1.4205863e-11, 0.05682933, 2.7468767e-11, 0.03270366
0.062382482, 2.4516845e-07, 0.0470738, 0.14348719, 0.071187966, 0.10452117, 1.8059692e-09, 2.9911615e-07, 3.5327667e-09, 0.070613064
0.0017030746, 1.4197224e-05, 2.485017e-06, 0.19506922, -0.0, 0.20146973, 4.755012e-09, 0.0020695557, 9.295759e-09, 0.0882291
0.0006199478, 9.962264e-06, 1.2636567e-06, 0.101228364, -0.0, 0.06329819, 3.2955367e-09, 0.040249404, 4.616295e-09, 0.080940336
0.05934086, 0.015185623, 0.071067944, 0.09249257, -0.0, 0.06303665, -0.0, 3.4311167e-06, -0.0, 0.020337518
0.051922392, 0.00973353, 0.018237088, 0.21585405, 0.021030154, 0.08289454, -0.0, 0.05034185, -0.0, 0.035515413
0.0013931303, -0.0, 0.008840751, 0.34096414, 0.03838767, 0.17277187, -0.0, 0.08180052, -0.0, 0.059808057
7.59583e-07, -0.0, 0.060623202, 0.21073353, 0.101144865, 0.13572787, 2.461675e-08, 0.09782327, 2.8842333e-08, 0.05145951
3.3717772e-06, 0.07146908, 0.059871897, 0.00018631715, 0.070368126, 0.00014236696, 0.00562707, 0.011615563, 0.03295364, 0.019478232
1.9762124e-06, 0.02149703, 0.04365507, 0.068251625, 0.046216138, 0.12321592, 6.315255e-08, 0.123154365, 1.1193858e-07, 0.11083469
2.9380612e-07, 0.1063621, 0.050815623, 0.07838556, 0.03269259, 6.6730377e-06, 4.968995e-08, 0.25469443, 8.0158316e-08, 0.17293845
5.1380038e-08, 7.8802555e-07, 0.008887418, 0.16090737, 0.06598116, 0.019601464, 6.4427425e-08, 0.055633668, 1.0582597e-07, 0.015609077
0.07106763, 0.011708338, 0.06183959, 0.0668974, -0.0, 0.04255666, 0.01458649, -0.0, 0.044080645, 0.004634765
0.07575669, -0.0, -0.0, 0.11714802, 0.0603938, 0.14831334, 0.045688696, 0.0059750658, -0.0, 0.038769554
0.040174592, 0.02196902, -0.0, 0.15048231, 0.037940443, 0.09240426, -0.0, -0.0, -0.0, 0.10991895
0.0629794, 0.038051654, -0.0, 0.055035975, -0.0, 0.0387929, 0.045869987, 0.082559936, 2.2327741e-08, 0.082366996
0.08180196, -0.0, -0.0, 0.11195785, 0.01589772, 0.049096126, -0.0, -0.0, -0.0, 0.033316568
0.07760744, 0.037101258, 0.068344854, 0.029961588, 0.048056502, 0.034691155, 0.007538606, 0.0031821073, 0.004183729, 0.014441756
0.012444988, 0.020837106, 0.0, 0.0, 0.053216152, 0.0, 0.08483381, 0.0, 0.0, 0.0
0.0, 0.0, 0.0, 0.033717997, 0.0, 0.012848519, 0.024176136, 0.0, 0.081596784, 0.04993064
0.052815236, 0.0, 0.0, 0.03019157, 0.08126012, 0.00010074675, 0.0, 0.0, 0.0, 0.056971826
0.05384984, 0.0, 0.0, 0.073359095, 0.0, 0.0, 0.0015072599, 0.028849222, 0.057282813, 0.0
0.0676054, 0.0, 0.0, 0.0, 0.0, 0.0, 0.0, 0.0, 0.08405129, 0.050073393
0.0, 0.0, 0.06241762, 0.07415504, 0.08653086, 0.0, 0.0, 0.0, 0.0, 0.07910805
-0.0, -0.0, 0.044638284, 0.07668949, -0.0, 1.4192005e-05, -0.0, 0.04283314, 0.051278565, 8.02561e-06
0.031120151, 0.06934032, 0.033036064, 0.0082246, 0.004636342, 0.000344185, -0.0, 0.008367775, -0.0, -0.0
0.03685936, 7.4302022e-09, 0.040314563, 0.005645046, 0.078666486, 0.0016579699, 5.308107e-10, 0.0023027027, -0.0, 0.028785877
0.030278718, 3.0366513e-07, 3.6936086e-08, 0.0032895426, -0.0, 0.0024321906, 3.776907e-09, -0.0, 0.06402563, 0.02115013
0.00043601688, 1.1222802e-06, 0.00819727, 0.114029765, 1.9561673e-11, 0.07375241, 0.03497365, 0.02343766, 1.3067718e-09, 0.051815704
0.0014147081, 9.632612e-06, 2.0002435e-06, 0.3156526, 0.03674525, 0.19007029, 2.785909e-09, 1.0518655e-05, 5.405294e-09, 0.1269958
0.00016522492, 0.05461957, 9.8776145e-06, 0.31325096, 0.008987932, 0.18938027, 5.819686e-09, 0.009311683, 1.1342288e-08, 0.2141241
2.380968e-06, 0.18726948, 2.9239718e-06, 0.12913516, -0.0, 0.07395877, 1.2435881e-06, 0.12662898, 1.2031126e-06, 0.31345505
4.62152e-07, 0.11301161, 2.3773405e-06, 0.41159788, -0.0, 0.3090265, 8.219271e-05, 0.04116919, -0.0, 0.3388619
-0.0, 0.25181282, 4.3772684e-06, 0.30984196, -0.0, 0.2792843, 0.04482595, 0.035654593, -0.0, 0.26397178
3.934491e-07, 0.28253898, -0.0, 0.23352101, -0.0, 0.3502806, 0.034678597, 0.152957, -0.0, 0.34546655
2.4426747e-06, 0.06609006, 0.13748449, 0.0030478598, -0.0, 0.5416266, 0.028958313, 0.0002489338, 0.0039875302, 0.12186906
1.370786e-07, 0.2150038, 0.000118208256, 0.11607575, -0.0, 0.44156963, 0.06407119, 0.00023336212, 0.06573983, 0.14587535
7.018178e-05, 0.13605125, 0.11143303, 0.0006322251, -0.0, 0.49361506, 0.00011393085, 0.00014989122, 0.018058917, 0.30120057
0.046964772, 5.2766314e-05, 0.08167336, 0.000754989, 7.571381e-06, 0.3957116, 6.126489e-05, 0.08598765, 0.0016032916, 0.30955768
0.20569211, 0.00017422134, 1.6604514e-05, 0.1541645, -0.0, 0.20928147, 4.437974e-05, 0.035636235, 0.03899273, 0.27592397
0.22460224, 0.00029059369, 8.256874e-05, 0.14900512, 4.9333103e-05, 0.12050662, 9.2605665e-09, 0.052922092, 0.0001079054, 0.23595178
0.12161714, 0.00017250689, 0.00893024, 0.17704937, 4.9613714e-08, 0.28767547, -0.0, 0.06272123, 5.9914164e-05, 0.1902792
0.0007839795, 0.016998209, 4.329034e-05, 0.1804561, -0.0, 0.2523376, 5.5892247e-07, 0.0030679966, 1.8594437e-05, 0.15140456
8.5021224e-05, 0.044549003, 1.8564053e-05, 0.33209592, -0.0, 0.20370175, 0.005987077, 0.00010725162, 4.6516147e-05, 0.14230658
3.5761095e-05, 0.025259513, 8.9959885e-06, 0.24295186, -0.0, 0.2547463, 1.2685412e-05, 2.8616909e-05, 7.3906835e-05, 0.08140912
4.0601615e-05, 0.08579425, 2.2035547e-06, 0.20128001, 0.06251928, 0.16087042, 0.0570167, 4.599323e-05, 1.507817e-05, 0.11266071
-0.0, 0.09196718, 0.012643774, 7.050017e-09, 0.054463513, 0.06390242, -0.0, 0.04969265, -0.0, 0.0431181
-0.0, 0.13085406, 0.06937448, 1.5265784e-09, 0.037644323, 8.621445e-10, -0.0, 0.029274492, 0.02821208, 0.027851583
0.054698445, 0.0, 0.0, 0.023996316, 0.044269837, 0.0, 0.0, 0.041620947, 0.012945987, 0.019151725
0.0, 0.0, 0.0, 0.0, 0.0, 0.0, 0.021331534, 0.0, 0.0, 0.0
0.0, 0.0, 0.06854402, 0.0, 0.006283067, 0.05532243, 0.06333605, 0.08569806, 0.051926903, 0.018481717
0.0823526, 0.0, 0.0, 0.0, 0.0, 0.0, 0.0, 0.0, 0.0, 0.03296581
0.02411828, 0.029969284, 0.0018712413, 0.04770068, 0.0700447, 0.08722694, 0.01220788, 0.00030267073, 0.012826285, 1.6946206e-09
0.0013013405, 0.065699615, 0.04791405, 0.030308211, 0.010466242, 0.008208599, -0.0, 0.022386165, -0.0, 0.060691155
0.048171952, 2.2327779e-08, 0.03176024, 0.0967654, 4.050208e-06, 0.005270513, 0.06371703, 0.0044389297, 0.010131579, 0.012958282
0.06475551, 0.051463436, -0.0, 0.005003762, 0.013070245, 0.10291043, 0.22147594, 0.05026021, -0.0, 0.017605716
0.030936733, 5.007905e-06, 8.380605e-07, 0.11957662, 1.4216823e-09, 0.25002876, 0.08599837, 2.4877286e-06, 2.1119138e-05, 0.09257984
7.360984e-08, 0.08302829, 5.0074154e-06, 0.11061964, 5.96305e-10, 0.28774443, 0.18132041, 0.0007839877, 9.913788e-05, 0.095276415
0.08129729, 0.062919, 2.615246e-05, 0.27153873, 0.000108213666, 0.2949356, 0.18879682, 0.2643599, 8.135168e-07, 0.08865801
0.09436587, 0.29815507, 8.3821426e-05, 0.23965392, 0.006484758, 0.22980481, 0.048570428, 0.29049885, 1.9599024e-06, 0.3847422
0.2436308, 0.22972636, 0.00010821348, 0.25015897, 0.041573066, 0.1833044, 0.20616834, 0.29130757, 9.422093e-05, 0.12834309
0.10255243, 0.5493155, 0.00019511448, 0.43484554, 0.068518355, 0.21424706, 0.24373971, 0.3970024, 5.4242268e-05, 0.13586181
0.32052517, 0.2251588, 0.0003529696, 0.21970275, 0.044728648, 0.5272302, 0.2540333, 0.5697498, -0.0, 0.13149829
0.34573597, 0.4283846, 0.14952381, 0.35620427, 0.2730199, 0.53071374, 0.000508307, 0.53919244, -0.0, 0.34876388
0.23910584, 0.36277485, 0.00042071947, 0.3218281, 0.057428766, 0.22704223, 0.15543593, 0.5107685, 0.00036152723, 0.016346268
0.28253448, 0.21381976, 0.00021909711, 0.21675557, 0.00017581404, 0.3338441, 0.0011037943, 0.30227476, 0.016790366, 0.0016824311
0.093075015, 0.24669234, 0.07127348, 0.08456712, 0.0002635634, 0.28516036, 0.011068085, 0.36681315, 0.0042250655, 0.0008819529
0.07672106, 0.13798428, 0.05318284, 0.12135579, 0.013950749, 0.06731569, 0.065461405, 0.26638737, 0.011537035, 0.0010941739
0.39114854, 0.07003496, 0.00025739594, 0.1806258, 0.0341582, 0.080135524, 0.23814733, 0.070227906, 0.00032006204, 0.12171049
0.054679766, 0.03283213, 0.00031870088, 0.22782351, 0.0002791419, 0.29221186, 0.19782756, 0.12732662, 0.12991749, 0.16917337
0.21901023, 0.0013928178, 0.0003414318, 0.06346201, 0.0002436347, 0.17058088, 0.31128243, 0.399473, 0.00018406186, 0.00032972515
0.32080644, 0.06398819, 0.00029583267, 0.14160419, 0.00019679517, 0.112312324, 0.00015138477, 0.00057868793, 0.0719292, 0.24596582
0.24329709, 0.039870705, 0.0035885272, 0.3319364, 0.041627675, 0.00032261218, 2.1778536e-05, 0.00032195656, 0.15044877, 0.16101761
0.040737018, 0.046302542, 0.003344205, 0.34507236, 0.10731067, 0.13177934, 2.4912013e-05, 0.00010095456, 0.038897797, 0.09212456
0.15079859, 0.09440615, 5.5568336e-05, 0.2070233, 0.009643668, 1.7253487e-06, 4.4623216e-06, 0.011524204, 0.00010139194, 0.11161857
0.20558655, 9.2366165e-05, 2.5345957e-05, 8.049232e-10, 0.054320384, 4.545853e-10, -0.0, 0.14935187, 0.14217253, 0.030194314
0.021057297, 0.024961848, -0.0, 0.13583337, 0.054540925, 0.007541619, 0.077371396, 0.017909095, 0.0068950374, 0.08688662
0.013877496, 0.034226164, 0.0, 0.027594768, 0.02080942, 0.047627307, 0.0, 0.030053556, 0.0, 0.0
0.0, 0.0, 0.0, 0.0, 0.043198697, 0.043666832, 0.0, 0.0, 0.080547936, 0.0
-0.0, 7.391902e-07, 0.060669176, 0.06714711, -0.0, 0.053060144, 7.3629286e-05, 0.045077097, 0.06115311, 0.029932564
0.013055189, -0.0, 0.0066203233, 3.037895e-08, -0.0, 0.008683461, 0.04180798, 0.058361012, 0.0063026613, 0.01446445
0.006768659, 0.005975604, 2.0982286e-06, 0.006058294, 1.0629294e-12, 0.07765833, 0.027108768, 0.1014964, 0.0582934, 7.005049e-06
0.012515961, 4.3512562e-05, 1.0202064e-06, 0.10390505, 0.009205162, 0.1491527, 0.09056653, 1.9093979e-05, 0.056225646, 1.8848325e-05
5.2907668e-05, 0.19420162, 3.1227486e-08, 0.009113909, -0.0, 0.42024854, 0.1815964, 0.05927255, 0.00019663655, 7.879897e-05
0.00024724528, 0.3879798, 8.46166e-07, 0.0004215667, 2.2599758e-07, 0.34214172, 0.033721857, 0.22411671, 0.0002036092, 0.21755461
0.055235326, 0.21790686, 0.00010942766, 0.03982845, 0.00023088855, 0.0845541, 0.013126595, 0.15025166, 0.12991565, 0.00021667076
0.038866185, 0.20048678, 0.06515024, 0.018995836, 0.109398305, 0.48383787, 0.10513444, 0.14792727, 0.00047136095, 0.00011563986
0.20185557, 0.4572857, 0.03921573, 0.08782406, 0.22534974, 0.10831103, 0.00078306417, 0.3672104, 0.0018697643, 0.00010877415
0.2416263, 0.36048865, 0.00083831715, 0.041815285, 0.054356884, 0.5289305, 0.005266844, 0.33380306, 0.07362835, 4.172457e-05
0.19500554, 0.26900077, 0.03892253, 0.1901613, 0.21369141, 0.16246417, 0.0013458027, 0.45414984, 0.09200984, 0.00025299808
0.24978238, 0.31815287, 0.058669258, 0.0014949726, 0.09493105, 0.1807169, 0.031239398, 0.16766042, 0.021799088, 0.012367419
0.0004978293, 0.15402173, 0.17330728, 0.15974829, 0.07924343, 0.2320527, 0.19983153, 0.2055858, 0.11957057, 0.0019110693
0.19318183, 0.34385273, 0.105626546, 0.0005309857, 0.093735464, 0.23350881, 0.0016517563, 0.1194609, 0.009451921, 0.044920176
0.2163437, 0.092949614, 0.066837065, 0.11758299, 0.1842467, 0.10183611, 0.0018005399, 0.367292, 0.06179443, 0.004946153
0.24378547, 0.32737848, 0.00050491135, 0.050718088, 0.0015406839, 0.3329343, 0.042471018, 0.10753074, 0.079046264, 0.0015797649
0.092799276, 0.15489493, 0.1077837, 0.22909588, 0.071924336, 0.13419738, 0.0020748111, 0.2025614, 0.12531954, 0.0017757535
0.30618867, 0.22228956, 0.03728648, 0.066968985, 0.023379324, 0.1445581, 0.05229025, 0.25523362, 0.0013525652, 0.0016292689
0.12785871, 0.11142685, 0.19543724, 0.107503906, 0.00080310303, 0.18170926, 0.041836865, 0.2146963, 0.21766822, 0.0005175435
0.0016469731, 0.33568507, 0.20565283, 0.18820958, 0.0010345227, 0.14807437, 0.060653772, 0.0017026472, 0.30820942, 0.00028685416
0.18700354, 0.029869795, 0.081283, 0.16903019, 0.0005057276, 0.119908586, 0.083416045, 0.04553489, 0.45734873, 0.00040130308
0.08124674, 0.13011812, 0.061456405, 0.26338437, 0.05096575, 0.0313094, 0.16538577, 0.0011408728, 0.40843686, 6.6785826e-05
0.1056282, 0.00034500466, 0.015539579, 0.5042165, 0.041368358, 0.021627018, 7.145069e-05, 0.000112163325, 0.46276608, 0.02334037
0.60808545, 0.08896437, 0.0001410706, 0.0004923782, 0.12905906, 0.00015025339, 0.0699144, 0.071183115, 0.64324915, 0.00016087868
0.32065064, 0.123044185, 9.656929e-05, 0.01152922, 0.10875903, 5.2619926e-05, 0.057515673, 0.067269385, 0.11308688, 0.04117334
0.079614006, 0.0018587039, 2.8471428e-05, 0.00010228863, 0.028907107, 9.723418e-06, -0.0, 0.078236096, 2.552385e-07, 0.0007350207
3.011615e-06, 4.27432e-06, 0.059222497, 0.12797593, 0.06160679, 0.059300244, 3.6507678e-05, -0.0, 0.032589566, 0.010123444
0.0, 0.0, 0.046904065, 0.0, 0.0, 0.0, 0.0, 0.05296222, 0.0040848777, 0.0
0.010104731, 0.0, 0.077370174, 0.0, 0.0, 0.0, 0.07220372, 0.0, 0.0, 0.059106447
3.4094092e-09, 0.08165771, 0.08029297, 1.853047e-07, 0.066393785, 0.0033389337, 0.055680733, 0.018647568, -0.0, 0.0010268862
0.016974665, 0.027858954, 1.6765618e-05, -0.0, 0.03965291, 0.034893353, 0.10764764, 0.1123336, 5.8272497e-05, 2.7859633e-05
6.4834917e-06, 0.26362106, 9.680201e-11, 6.8430585e-05, -0.0, 0.25280166, 0.16224855, 0.016225178, 0.00035440776, 0.00013140398
0.0002244389, 0.17479779, 0.10012444, 0.00032333023, 3.5208817e-05, 0.33869722, 0.48660603, 0.11599223, 0.07119988, 0.08950455
0.00034928106, 0.10151969, 0.17806847, 0.03824716, 0.00010385317, 0.31019193, 0.16804545, 0.106413506, 0.0023111317, 0.016557872
0.20116192, 0.09225184, 0.15042762, 0.0008578029, 0.0003364295, 0.0010386672, 0.23190963, 0.18280257, 0.06833927, 5.82366e-05
0.016238123, 0.1877296, 0.11484278, 0.3431837, 0.00039139387, 0.0011847563, 0.17498772, 0.021674963, 0.0914761, 0.1764668
0.19128191, 0.12065221, 0.20302422, 0.15304533, 0.00078895845, 0.0016194349, 0.3289203, 0.0015194202, 0.11279006, 0.0463529
0.022859417, 0.10479531, 0.086372204, 0.34304303, 0.001062945, 0.002416779, 0.0030928664, 0.21299183, 0.012110855, 0.0013198452
0.12887223, 0.18983205, 0.028311893, 0.00040038847, 0.36834583, 0.0022064655, 0.16634433, 0.232844, 0.20774607, 0.082841404
0.10201601, 0.2366487, 0.080007076, 0.033832427, 0.078448154, 0.0020717573, 0.22949111, 0.0007597803, 0.152503, 0.12764038
0.07908141, 0.015722904, 0.17667052, 0.0005651005, 0.21890588, 0.024850447, 0.10061794, 0.21282971, 0.0015603465, 0.06548488
0.09407587, 0.24422833, 0.047627777, 0.16762899, 0.002234891, 0.0033857734, 0.004167315, 0.06769003, 0.0057920194, 0.0020395017
0.0014473816, 0.0952303, 0.10653353, 0.00044747206, 0.1849019, 0.19601391, 0.13682443, 0.10239224, 0.22284311, 0.003577179
0.12215766, 0.28830254, 0.20115523, 0.076954685, 0.002727865, 0.008772893, 0.09037804, 0.25110713, 0.030572524, 0.004487972
0.19121103, 0.17319424, 0.0015853988, 0.11812497, 0.07637609, 0.0014275311, 0.0070338473, 0.018033246, 0.10577237, 0.011666157
0.002244036, 0.06730187, 0.020934502, 0.15941647, 0.0020548736, 0.014870841, 0.021986824, 0.14370184, 0.11395702, 0.007845215
0.037130397, 0.2653226, 0.0016942341, 0.27155116, 0.10312812, 0.18106167, 0.14691663, 0.10281719, 0.20601639, 0.0011707643
0.34415, 0.20399413, 0.0012279192, 0.123382606, 0.08560896, 0.22981551, 0.0009155992, 0.21188733, 0.20924883, 0.022469547
0.0969127, 0.1961857, 0.083562724, 0.24517824, 0.0015018359, 0.31556907, 0.0013010154, 0.108364604, 0.12870295, 0.089890845
0.21528551, 0.21643673, 0.3708958, 0.000820608, 0.0008498898, 0.19429237, 0.0006321954, 0.40476552, 0.17677401, 0.0012206649
0.007492227, 0.17037897, 0.00056861754, 0.284113, 0.00037359932, 0.36294833, 0.00044991032, 0.08329198, 0.37487265, 0.19508797
0.19498739, 0.025987187, 0.0020406772, 0.2845275, 0.0003902332, 0.18723547, 0.00015200279, 0.00016598389, 0.29761568, 0.15063694
0.43497196, 0.13552679, 0.0001051407, 0.094036184, 0.008986932, 0.0002104797, 0.0010154466, 1.5340222e-05, 0.1854895, 0.16600704
0.1017767, 7.5519e-05, 6.576681e-05, 0.12575503, 0.000112230875, 0.020244716, 2.9300068e-07, 9.695806e-06, 7.5429324e-07, 0.0890766
0.07633641, 4.2534175e-06, 2.8180468e-06, 0.05623862, 4.0014293e-06, 0.011161789, 0.04113871, 0.011814477, 0.054163925, 0.026621638
0.0, 0.04639379, 0.0, 0.0, 0.0, 0.0, 0.0, 0.043217294, 0.0, 0.063508965
0.07402614, 0.00071807916, -0.0, 0.061621062, -0.0, 0.00044163511, 0.0010542177, 0.02722683, 0.08562058, 0.037643183
0.025647383, 0.0035759034, 0.059423532, 3.0744088e-06, -0.0, 8.7912216e-10, 0.0765772, 0.06328381, 0.06848634, 0.02482369
2.0520067e-05, 0.0072890106, 0.15822907, -0.0, 0.018958589, 0.078366816, 0.42317656, 0.07490886, -0.0, 0.044184882
0.00017599794, 0.20377824, 0.005927664, 0.035827436, 2.2569076e-05, 0.11401449, 0.1072434, 0.015721971, 0.049895942, 0.085967004
0.15917623, 0.09228263, 0.23717356, 0.10180323, 0.00013047562, 0.00010748339, 0.14458226, 0.14598401, 0.36527163, 0.0752606
0.02091638, 0.021517545, 0.3661963, 0.0012500904, 0.00037533048, 0.0024458002, 0.23469357, 0.25167426, 0.020854272, 0.040365685
0.09562894, 0.25428325, 0.17440896, 0.16553485, 0.001332254, 0.0019382183, 0.03415865, 0.09447952, 0.035148136, 0.06828352
0.038601156, 0.062278394, 0.12431674, 0.017301263, 0.037828352, 0.0016645615, 0.26698503, 0.00210289, 0.012292909, 0.07568623
0.123291045, 0.19418158, 0.0014482915, 0.0013762807, 0.11459148, 0.12954353, 0.34689185, 0.0065749604, 0.23584339, 0.24860749
0.10257027, 0.17733465, 0.11481387, 0.000510461, 0.06975203, 0.057734367, 0.15219457, 0.22753905, 0.001324298, 0.1148137
0.030102996, 0.0026632154, 0.1484287, 0.02131328, 0.14693245, 0.073674574, 0.23116024, 0.031084204, 0.0019034023, 0.11918357
0.20791982, 0.04534397, 0.08835617, 0.0014426775, 0.12512703, 0.05718209, 0.075009026, 0.0016314266, 0.0012403934, 0.1472965
0.004844616, 0.0466059, 0.041188043, 0.049254224, 0.25785425, 0.02620538, 0.15460394, 0.23644891, 0.0010543197, 0.0030167135
0.07647497, 0.0013422045, 0.08350621, 0.03807144, 0.24468188, 0.0030631353, 0.08725328, 0.1609019, 0.0030319118, 0.09697298
0.22557497, 0.18740585, 0.0035310513, 0.10959733, 0.20658134, 0.16159728, 0.18868876, 0.041376222, 0.0030430467, 0.24336249
0.0025886605, 0.071876906, 0.09092535, 0.029619379, 0.27132213, 0.011486438, 0.15638202, 0.2177433, 0.0026222277, 0.03279782
0.10418305, 0.012775293, 0.033681143, 0.018614586, 0.2017882, 0.0014638774, 0.08040971, 0.0019142757, 0.0036092238, 0.15143587
0.002282798, 0.0018045363, 0.094657965, 0.0023332713, 0.23520081, 0.051970817, 0.16345473, 0.33283186, 0.0026640808, 0.027168738
0.23176666, 0.0029320782, 0.13617727, 0.006204935, 0.12986864, 0.0008198635, 0.0031879924, 0.0023347677, 0.05737111, 0.10314132
0.07470043, 0.0023928785, 0.039067026, 0.0030053111, 0.16064309, 0.06615073, 0.0012609535, 0.170138, 0.029945299, 0.035203826
0.015406832, 0.002960724, 0.16774583, 0.16772267, 0.12856905, 0.00034093024, 0.20490088, 0.070154995, 0.0028656255, 0.049348723
0.11816986, 0.0023591092, 0.22113355, 0.24071974, 0.10934977, 0.0004349154, 0.03835533, 0.29756755, 0.08705289, 0.0011003672
0.15857825, 0.13333867, 0.0498196, 0.26415136, 0.008756226, 0.44063887, 0.0009652376, 0.011578827, 0.42905685, 0.0002734607
0.51925147, 0.0012744394, 0.00020436622, 0.22199097, 0.00035933076, 0.27732474, 0.07900601, 0.030463487, 0.29669276, 0.121075846
0.52443, 0.2025678, 0.00016899277, 0.023777789, 0.046541408, 0.14645623, 2.086069e-05, -0.0, 0.1495996, 0.15129802
0.21483563, 0.028816164, 0.00011932804, 0.00013610041, 0.00018009306, 0.042980228, 0.0014649263, 4.755768e-05, 0.19961049, 0.13281769
0.0014330894, 0.031371012, 1.1914171e-07, 0.06056938, 8.274744e-07, 0.08293093, -0.0, 0.03555001, 0.025479976, 0.07121737
-0.0, -0.0, 1.7521183e-05, 3.968712e-07, 1.0848078e-06, 0.059580933, 1.0957251e-05, -0.0, 6.8979665e-07, 1.5855589e-05
0.0110160895, 0.04700044, 4.9955815e-07, -0.0, -0.0, 0.008573513, 0.04618068, 0.08982871, 0.0405618, 0.0127153555
0.0011291326, 0.10822504, 0.019988006, 1.6326555e-07, 3.1665508e-08, 2.5037987e-06, 0.07620898, 0.029875675, 1.8720925e-08, 0.12864529
6.423685e-05, 0.08769625, 0.30080095, 7.000537e-08, 8.18678e-06, 5.6110104e-05, 0.42366612, 0.00016068392, 5.4238047e-08, 0.21138072
0.00017156651, 0.44331104, 0.25193086, 0.03183775, 0.00028454157, 0.31932142, 0.25779828, 4.4022992e-05, 0.0004907588, 0.009889808
0.15194792, 0.4453159, 0.029970365, 0.3026187, 0.00037805203, 0.00021694698, 0.24688083, 0.17166476, 0.18465073, 0.0010660063
0.08729937, 0.27021268, 0.24311407, 0.0015042163, 0.08615515, 0.0007380593, 0.30547437, 0.28132662, 0.123276025, 0.14960892
0.000673174, 0.001507921, 0.21252109, 0.36994782, 0.0006692841, 0.04833063, 0.2094894, 0.0017784162, 0.12478383, 0.043818522
0.4505776, 0.30546135, 0.0022118322, 0.002206695, 0.10315112, 0.0013125747, 0.11418778, 0.19475561, 0.12165251, 0.17006446
0.0011230409, 0.018351171, 0.11147476, 0.12269869, 0.002286302, 0.019343015, 0.1270374, 0.036696225, 0.02040758, 0.0027277085
0.15385893, 0.0032820515, 0.20728791, 0.047351982, 0.114326745, 0.0035471816, 0.10197573, 0.12351576, 0.03761489, 0.079640545
0.00038545448, 0.028832447, 0.04398813, 0.14158477, 0.046141498, 0.0011046793, 0.03238266, 0.07772168, 0.059842803, 0.17003284
0.11985454, 0.0011186621, 0.035363346, 0.019031761, 0.1072583, 0.16367896, 0.18791033, 0.12579703, 0.0027228466, 0.10050084
0.002323579, 0.119129226, 0.1352661, 0.0070127863, 0.33035293, 0.0013317792, 0.18349297, 0.070230566, 0.054103784, 0.27060166
0.02496424, 0.0010351148, 0.0013143964, 0.05483189, 0.10221152, 0.16949794, 0.02808155, 0.33979544, 0.016341854, 0.07029827
0.06538787, 0.11233423, 0.0017088845, 0.049486127, 0.33542895, 0.029388698, 0.24350512, 0.0012263893, 0.003461, 0.023861025
0.11798353, 0.0007408839, 0.11363713, 0.0010398935, 0.1643701, 0.0888862, 0.10971694, 0.07785989, 0.009435829, 0.25129342
0.040199485, 0.0020871675, 0.110620216, 0.17757969, 0.17857124, 0.0009931426, 0.22862227, 0.21072006, 0.1807207, 0.0028894285
0.088714845, 0.077287875, 0.25636345, 0.05698836, 0.14535786, -0.0, 0.023466427, 0.055574447, 0.0061637135, 0.11538288
0.0026127065, 0.008168475, 0.0746589, 0.0028077287, 0.05881646, 0.038740214, 0.08236844, 0.11840684, 0.09166562, 0.002287239
0.008454819, 0.0008480593, 0.21211195, 0.0023826067, 0.13805428, 0.06197678, 0.18575475, 0.09535442, 0.17696854, 0.018334825
0.10288275, 0.032210078, 0.26109496, 0.0016961391, 0.061375596, 0.053029783, 0.0018274635, 0.001774647, 0.19522385, 0.18945715
0.21730894, 0.24439642, 0.16059469, 0.0010930783, 0.044728886, 0.003695224, 0.002249673, 0.13058567, 0.22310919, 0.17321451
0.32024243, 0.0017037836, 0.36077532, 0.26212513, 0.2666547, 0.00023789685, 0.30216643, 0.05247739, 0.3413254, 0.0005333396
0.26317373, 0.021115098, 0.00036770158, 0.67392033, 0.00086592126, 0.0005718519, 0.27120638, 0.0008004597, 0.24806713, 0.11381148
0.5503564, 0.07125041, 6.4230844e-05, 0.0061634392, 0.00037478388, 0.00033873206, 0.029603822, 0.100628935, 0.32289937, 0.29433194
0.00019117909, 0.21967396, 0.0075567733, 0.0072594085, 0.00027049254, 0.10324418, 0.03415766, 0.00011968284, 0.22603063, 0.00014285666
7.598013e-05, 6.201289e-06, 5.1749166e-06, 0.048049662, 9.500866e-06, 0.05053366, 0.073755234, 0.06409906, 0.004619238, 0.039444562
-0.0, 0.0089815175, 0.061418843, 0.070115775, 0.0032976337, 0.07744516, 5.7130927e-09, 0.030780513, 0.06078633, 1.0750496e-08
0.06470158, 9.606652e-06, 0.1173337, 0.06811674, -0.0, 0.035891082, 0.054955527, 0.049729824, -0.0, 0.06289647
3.066802e-05, 0.07366711, 0.013773434, 0.072210126, 1.0036448e-07, 1.8714103e-05, 0.13312702, 0.00025829783, 0.08148797, 0.060673058
0.046277933, 0.11641071, 0.4419603, 0.0001191651, 0.0001775464, 1.1009074e-05, 0.2539803, 0.00014166754, 0.00033799704, 0.026808212
0.00039735713, 0.5805325, 0.28646165, 0.016150195, 0.0204618, 0.26497275, 0.30094603, 2.880527e-05, 0.001020867, 0.0010782755
0.12786315, 0.17658271, 0.0796529, 0.21441019, 0.016217304, 0.00030598833, 0.25900042, 0.00075612083, 0.27372858, 0.028647302
0.19217676, 0.19320008, 0.048429754, 0.044607528, 0.17160894, 0.00057547074, 0.15404686, 0.0074062073, 0.17217208, 0.11033088
0.01692034, 0.2453175, 0.47135532, 0.05251626, 0.0009896152, 0.0033165507, 0.20076907, 0.060143627, 0.08508214, 0.0026563837
0.038721632, 0.0019405461, 0.15405555, 0.07081817, 0.26408413, 0.00054622727, 0.21073742, 0.11758533, 0.08950275, 0.2695765
0.16567323, 0.17961209, 0.20675026, 0.23005086, 0.14276741, 1.7392289e-05, 0.13372631, 0.0398437, 0.2071995, 0.13310163
0.11796508, 0.12721166, 0.05258403, 0.0007821776, 0.02512208, 0.0021321794, 0.06838654, 0.057611577, 0.0036721067, 0.10520313
0.08679031, 0.07841421, 0.08020604, 0.017380612, 0.021404367, 0.00035263537, 0.16964561, 0.0018104123, 0.09174496, 0.118442714
0.11383967, 0.032683168, 0.31545758, 0.086468615, 0.032906044, 0.0010063598, 0.11501351, 0.12829192, 0.0017024634, 0.004650867
0.09960395, 0.07062773, 0.0012935615, 0.0010429292, 0.10878739, 0.14731196, 0.0040295264, 0.0051318617, 0.002535259, 0.019190658
0.0011857045, 0.0032416712, 0.12470053, 0.02687277, 0.25128958, 0.04577096, 0.13701728, 0.19824131, 0.0020492394, 0.11717068
0.0026984953, 0.070106864, 0.22710113, 0.0023167848, 0.09527024, 0.0025178667, 0.14484261, 0.13254261, 0.04055044, 0.09677843
0.09543365, 0.05321388, 0.20642522, 0.10592194, 0.3214474, 0.0007396189, 0.1226607, 0.27047786, 0.0028605252, 0.0044950033
0.0032017627, 0.084969096, 0.18049364, 0.044852566, 0.053795908, 0.09062232, 0.00072772393, 0.1481765, 0.0035287458, 0.047699142
0.09966086, 0.03606251, 0.19700977, 0.0030136604, 0.16701682, 3.1718795e-05, 0.2862687, 0.18246491, 0.11866361, 0.0025618174
0.11569172, 0.13735761, 0.13332479, 0.0018856532, 0.121857874, 0.044939768, 0.028282784, 0.10044577, 0.0029302447, 0.09676584
0.21300776, 0.060166284, 0.21554625, 0.009463078, 0.00352078, 0.0004123125, 0.050213292, 0.24797322, 0.028803919, 0.10703636
0.0069027883, 0.028240373, 0.0010443656, 0.12984405, 0.19228058, 0.0016844161, 0.0582614, 0.07565742, 0.16080756, 0.0007965678
0.11297161, 0.13434242, 0.30442992, 0.051093046, 0.17795536, 0.15462083, 0.20535493, 0.34092897, 0.0014929727, 0.0027691606
0.2656168, 0.2788124, 0.5241312, 0.16911605, 0.20502283, 0.00031049157, 0.00034888124, 0.39417586, 0.30813107, 0.4042209
0.8201587, 0.0005078829, 0.32127386, 0.44648507, 0.47548202, 0.00019685272, 0.1286398, 0.18512648, 0.5070817, 0.1089488
0.56612766, 0.057775155, 0.0002913809, 9.9758334e-05, 0.027410148, 6.5052685e-05, 0.14863057, 0.00030782606, 0.73740655, 0.06896449
0.3635304, 0.046899457, 0.016703201, 5.0282863e-05, 0.04899993, 0.039960593, 3.6845023e-08, 0.0001640659, 0.110241815, 0.0048332964
0.060161654, 0.016796108, 0.022786243, 5.440226e-07, 0.04304334, 0.041043326, 0.0048324657, 4.8151815e-06, 1.863743e-06, 3.4008808e-06
0.011366612, 0.0025709788, 0.06430456, 0.061442073, 0.03945012, 0.037049975, 0.018651558, 0.0006142521, 0.0329162, 0.007035984
-0.0, -0.0, 0.05992441, 0.0015079675, 0.009055648, 1.2948024e-06, 0.08178349, 7.812866e-06, 0.048541453, 0.06573176
0.0044447305, 8.1579616e-05, 0.07903574, 0.051171865, 2.2763777e-07, 2.55693e-05, 0.18550533, 0.019576864, 0.07288659, 9.473586e-06
0.029679505, 0.13087423, 0.29699656, 0.012860241, 0.03664448, 2.201282e-05, 0.23990037, 0.18425564, 0.00025137982, 0.0004760115
0.004130691, 0.21543403, 0.09843835, 0.2608547, 0.0008304274, 0.28162152, 0.4643848, 0.1588197, 0.00069304835, 0.017027445
0.019335853, 0.5194112, 0.06238205, 0.04905655, 0.14911638, 0.00018197457, 0.25274995, 0.0070481203, 0.0058457013, 0.23891172
0.3787743, 0.0008491334, 0.062298916, 0.044361435, 0.22433539, 0.00070682564, 0.40056047, 0.025377301, 0.12985301, 0.0154609615
0.0012704609, 0.002105487, 0.009652935, 0.057276275, 0.0022871639, 0.26103547, 0.0024810587, 0.029268969, 0.008102557, 0.002369366
0.16781448, 0.08479951, 0.11985722, 0.0012548601, 0.04696771, 0.060532823, 0.10650383, 0.016884634, 0.070330106, 0.0025069416
0.045812994, 0.13939422, 0.121556304, 0.0010358418, 0.14354019, 0.0011766284, 0.154279, 0.14593239, 0.018297043, 0.022550127
0.00076578476, 0.06510839, 0.19426976, 0.012640917, 0.25624925, 0.00085803826, 0.0021405516, 0.24251032, 0.0050888155, 0.05032069
0.16165671, 0.001761208, 0.16837269, 0.11213095, 0.12779029, 0.00982867, 0.0036667495, 0.035759173, 0.23457536, 0.18210164
0.08412087, 0.001510955, 0.22598451, 0.052654807, 0.061583485, 0.016467137, 0.17099257, 0.056947067, 0.07082761, 0.2769923
0.008426048, 0.031694613, 0.21798298, 0.06539812, 0.22028679, 0.002326977, 0.0031775248, 0.2384208, 0.121574745, 0.000967147
0.060490184, 0.011369373, 0.20736971, 0.042231694, 0.09951693, 0.1190604, 0.27121913, 0.10735031, 0.0016499951, 0.14818774
0.0037588363, 0.15739878, 0.08314719, 0.0017978158, 0.22308694, 0.43535006, 0.33704057, 0.19757462, 0.12585442, 0.28078368
0.002265581, 0.2326478, 0.30449045, 0.001631993, 0.105368264, 0.083303094, 0.13580582, 0.2603047, 0.17701076, 0.0022617497
0.07418546, 0.105633676, 0.3900901, 0.0017302299, 0.2982988, 0.0009853177, 0.31660974, 0.18316436, 0.1447433, 0.11476481
0.0018956121, 0.07532891, 0.25750816, 0.0019795464, 0.115063675, 0.0014847061, 0.092032276, 0.24455467, 0.20067264, 0.036737487
0.035190113, 0.1722345, 0.24257164, 0.095944494, 0.18993908, 0.001013414, 0.20545176, 0.2334238, 0.06926232, 0.003121777
0.048084904, 0.17623673, 0.004887604, 0.11904117, 0.18190442, 0.0015528633, 0.19737674, 0.1085355, 0.10387727, 0.0022730574
0.32962933, 0.08904239, 0.13170527, 0.1695621, 0.0021186322, 0.097599514, 0.16814514, 0.03538914, 0.08885239, 0.1292162
0.29848182, 0.1377101, 0.0008762899, 0.0016405503, 0.017992055, 0.14158772, 0.30512223, 0.12843542, 0.10864681, 0.043995854
0.16713011, 0.19604038, 0.41345575, 0.21551973, 0.119905636, 0.0003034603, 0.1067892, 0.19059542, 0.38537386, 0.23301499
0.5634822, 0.00022462645, 0.5198432, 0.6481331, 0.33376622, 0.00044478488, 0.12905082, 0.3592167, 0.28540763, 0.40192366
0.8740645, 0.00057440856, 0.18890266, 0.00010067784, 0.15285414, 0.00016467471, 0.21324627, 0.00053695147, 0.22892496, 0.11690579
0.40801498, 0.017187236, 0.07924263, 9.081199e-06, 6.4042346e-05, 0.0030395272, 0.073396556, 0.00024684682, 0.12458321, 0.074505106
4.013261e-05, 4.4452013e-06, 0.065023705, 0.025295129, 6.5419426e-06, 1.0179633e-06, 0.17564143, 0.027235433, -0.0, 0.10578774
-0.0, 0.059462305, 0.0070245126, 0.052850265, 0.06376506, -0.0, 0.045575727, -0.0, -0.0, 0.003326747
-0.0, 0.04924937, 0.11398518, 0.052260675, 1.5074927e-07, -0.0, 0.10926484, 2.1439591e-06, 8.937062e-08, 0.02402134
0.03432275, 8.931434e-05, 0.25014132, 0.010442272, 1.9596515e-05, 4.220205e-07, 0.23827992, 0.007795367, 0.00024653343, 0.016548617
0.0001627035, 0.36228853, 0.15803964, 0.000105355844, 0.023001762, 0.0053953994, 0.3419519, 0.32631633, 0.00022910252, 0.018905057
0.4636675, 0.004913754, 0.1783898, 0.19429925, 0.19868861, 9.689658e-05, 0.12809785, 0.0012614189, 0.0031416428, 0.00083376054
0.09237545, 0.19208294, 0.2009131, 0.2503381, 0.29499376, 7.02222e-05, 0.09440676, 0.2550509, 0.0005393406, 0.29808593
0.016333943, 0.38407388, 0.12957586, 0.035279132, 0.3653667, 0.0004310764, 0.35041746, 0.04487265, 0.0017792837, 0.30183077
0.23377906, 0.010447487, 0.0011250818, 0.049486484, 0.0067409347, 0.00062108436, 0.08384593, 0.0031490207, 0.064380385, 0.063346155
0.08416885, 0.0016966944, 0.024359338, 0.0022078892, 0.0032603368, 0.12367658, 0.0024103655, 0.034769196, 0.12704046, 0.15999098
0.19365442, 0.0016706332, 0.28132975, 0.15777154, 0.11974266, 0.00073816517, 0.006580977, 0.0036104936, 0.26668346, 0.26465967
0.28701678, 0.09316109, 0.12411658, 0.073299296, 0.09543421, 0.228466, 0.00187495, 0.00075502833, 0.1474065, 0.26704037
0.109386474, 0.07914386, 0.32303882, 0.13050264, 0.19139382, 0.2026516, 0.002307963, 0.25252435, 0.2044325, 0.15500955
0.23765346, 0.16454722, 0.14080247, 0.09471142, 0.16028735, 0.13483307, 0.003250748, 0.06376989, 0.36735567, 0.23843032
0.12842678, 0.003794727, 0.3148742, 0.13288476, 0.0018921781, 0.13794023, 0.09896095, 0.1839465, 0.0018740956, 0.08247438
0.052207276, 0.030790057, 0.3365633, 0.0030929896, 0.20011248, 0.18938924, 0.0034237297, 0.36038923, 0.001520673, 0.17591119
0.010064545, 0.001645221, 0.3920115, 0.0034544705, 0.0025751246, 0.34068045, 0.17718759, 0.26085097, 0.3387818, 0.16347905
0.002607003, 0.0011640871, 0.34391382, 0.04030684, 0.15874256, 0.09863385, 0.29396668, 0.24866769, 0.0027014178, 0.15762664
0.001552406, 0.24600054, 0.27524802, 0.119288094, 0.058639273, 0.18168625, 0.06689018, 0.29097512, 0.10694946, 0.020728532
0.012105609, 0.2052464, 0.19575985, 0.025531497, 0.23836161, 0.0019082116, 0.13056304, 0.1684461, 0.006022562, 0.0025508043
0.121242866, 0.11840729, 0.22148824, 0.0021223912, 0.19379757, 0.06095862, 0.26167879, 0.0028124428, 0.1750677, 0.00353818
0.07391815, 0.19419658, 0.17505117, 0.10343151, 0.13255034, 0.0005765072, 0.2728364, 0.12453373, 0.0028190222, 0.0035128342
0.06082633, 0.0430944, 0.25031266, 0.0013507375, 0.032907825, 0.037342492, 0.00088367634, 0.11103666, 0.15092191, 0.045357414
0.03606538, 0.067201816, 0.3479832, 0.054259025, 0.2757177, 0.00096458144, 0.17064959, 0.17127267, 0.15451346, 0.0013738355
0.29569644, 0.053936247, 0.13222395, 0.16908382, 0.2716871, 0.015072577, 0.11897097, 0.35430622, 0.000678229, 0.0375922
0.6987849, 0.0004691201, 0.10392508, 0.76467276, 0.113941565, 0.00046258248, 0.06409104, 0.38934427, 0.515416, 0.27304918
0.41135132, 0.00029582996, 0.072595395, 0.00029249868, 0.09247901, 0.08618616, 0.39356598, 0.3557513, 0.41693655, 0.3122734
0.4413352, 0.00018050736, 0.008143764, 3.5961893e-05, 5.010082e-05, 0.0058682053, 0.033717632, 0.25845066, 0.059905056, 0.24039432
0.030827397, 0.020260133, 0.11749479, 0.0018961586, 1.7020395e-05, 0.032657787, 0.07085513, 0.00012686026, 0.0075407145, 0.017133744
0.043092087, -0.0, 0.0016292925, 0.024397772, 4.006552e-08, 0.07997627, 0.001283057, -0.0, 2.5060746e-08, 0.000889702
0.07786689, 3.503657e-06, 0.085612096, 0.019592358, 0.012837942, 0.038280085, 0.11971519, 0.008399339, 1.362992e-08, 0.059091635
0.012868356, 4.0950832e-05, 0.38801998, 0.0087334225, 4.159452e-05, 1.1393869e-05, 0.35662198, 4.7705203e-06, 1.9503455e-05, 0.16560224
0.00010411252, 0.35150054, 0.09699377, 0.0027486002, 0.0050622914, 0.06846742, 0.44998795, 0.1604037, 0.013669736, 6.416219e-05
0.3474698, 0.07512929, 0.045248386, 0.016227603, 0.00038416265, 0.10436959, 0.34757134, 0.07713913, 0.0012875737, 0.06607711
0.020984346, 0.26051125, 0.06029368, 0.13616595, 0.058682475, 0.011018645, 0.06006987, 0.00046654325, 0.083179735, 0.21679927
0.15701815, 0.20682067, 0.05518654, 0.118613526, 0.08953369, 0.00020887752, 0.045779817, 0.17929794, 0.20673622, 0.17322844
0.12756543, 0.11470794, 0.28547782, 0.23287988, 0.32515305, 0.00058187457, 0.06476422, 0.0019356932, 0.12620054, 0.23924434
0.2570268, 0.038217288, 0.013589234, 0.19250008, 0.38185856, 0.020750027, 0.0868583, 0.001390295, 0.20921566, 0.0020719487
0.24422146, 0.1562177, 0.17182964, 0.2378762, 0.18895179, 0.07427846, 0.23593092, 0.0017155877, 0.33517575, 0.13290948
0.1125958, 0.0028410044, 0.3045599, 0.2579534, 0.26258522, 0.06530259, 0.34634253, 0.0028765616, 0.50367445, 0.107590266
0.19834796, 0.0024491965, 0.17413004, 0.1394051, 0.19702782, 0.027265526, 0.117211126, 0.08041355, 0.10077565, 0.07861057
0.15722859, 0.023259034, 0.071780495, 0.13667247, 0.12343333, 0.22677962, 0.294134, 0.002866412, 0.4923203, 0.034724854
0.5362053, 0.0021908272, 0.27481917, 0.41292927, 0.29638085, 0.49438414, 0.35382223, 0.2524409, 0.16362524, 0.18424019
0.42761979, 0.0010880439, 0.36342648, 0.073223814, 0.22208741, 0.34115073, 0.3508315, 0.0011748003, 0.0023023922, 0.200989
0.108077705, 0.11465214, 0.28464785, 0.001764829, 0.16035955, 0.37227526, 0.3543667, 0.157807, 0.45834702, 0.059950113
0.013973032, 0.069850855, 0.13654523, 0.06559755, 0.048378963, 0.25636813, 0.14615826, 0.00018147693, 0.32794595, 0.21298349
0.0015352023, 0.0019435177, 0.0919165, 0.032415073, 0.24658768, 0.018245716, 0.38026485, 0.12559327, 0.25007084, 0.0023961747
0.0034995624, 0.0012461295, 0.13963796, 0.0012083536, 0.04621451, 0.06363301, 0.21298158, 0.0012324898, 0.1424197, 0.14175895
0.0008690243, 0.22845578, 0.06406079, 0.13277507, 0.05278693, 0.033592574, 0.05149119, 0.09698143, 0.00323067, 0.116943456
0.0010528383, 0.109865576, 0.15061638, 0.024745042, 0.37847042, 0.14876878, 0.4090455, 0.05574802, 0.024593698, 0.016313128
0.0029168162, 0.2034083, 0.2241533, 0.37083152, 0.3080766, 0.11398046, 0.08629551, 0.20074955, 0.0013104104, 0.15341769
0.0027575125, 0.3177438, 0.3035909, 0.03857199, 0.37942055, 0.09064802, 0.4812578, 0.054478187, 0.0011592172, 0.0015278725
0.3116626, 0.024931738, 0.16906331, 0.28121984, 0.0001840939, 0.16440421, 0.0007683871, 0.038831566, 0.001119382, 0.23882431
0.71623325, 0.0007343336, 0.06642382, 0.37223032, 0.1687566, 0.00047517507, 2.167325e-05, 0.20089489, 0.07655305, 0.26916036
0.6950053, 0.00026776636, 0.00019256264, 0.0004933334, 0.00022099876, 0.0474545, 0.0066821915, 0.89426214, 0.23093633, 0.37543973
0.59628636, 0.00020949899, 0.01120918, 2.3519078e-05, 0.030042652, 4.533031e-05, 7.5845737e-06, 0.15973169, 0.17723578, 0.03353976
0.06961691, 7.181863e-08, 0.008343844, 0.021569332, 0.025911322, 0.010656937, 0.014706888, -0.0, 3.0014657e-05, -0.0
-0.0, -0.0, 0.05133026, 2.916845e-05, 3.5281362e-06, 0.025997888, 0.0006348835, -0.0, 0.08213652, 0.06509313
-0.0, 0.026800115, 0.11536372, 0.04449179, 0.042203512, -0.0, 0.058644705, -0.0, 5.4795146e-06, 0.03433717
7.28816e-07, 3.5346555e-05, 0.40241915, 0.042825483, 4.1624513e-05, 1.1651878e-05, 0.29527947, 5.2529235e-06, 3.2414166e-05, 0.16267648
0.2696463, 0.005818144, 0.3149436, 0.01718136, 0.043742865, 0.005790785, 0.2574914, 0.0002578822, 0.027989294, 0.00013243398
0.14550735, 0.000117569754, 0.13466235, 0.1259002, 0.1292483, 0.21479607, 0.2629129, 0.119817704, 0.00028639712, 0.32717854
0.1655612, 0.048106454, 0.14567578, 0.12922786, 0.27810508, 0.022713797, 0.22390287, 0.0012021285, 0.19281709, 0.08933829
0.26178718, 0.00079118385, 0.12031193, 0.4092148, 0.42217657, 0.03482314, 0.14937314, 0.22511172, 0.4300973, 0.110203594
0.3005038, 0.00082110014, 0.33976302, 0.42279765, 0.10095472, 0.37393785, 0.4051191, 0.008710917, 0.4734313, 0.0042834203
0.01998482, 0.009279309, 0.28818756, 0.3043783, 0.054033127, 0.015588033, 0.2663319, 0.0014475714, 0.27229792, 0.32745788
0.06243791, 0.0023328604, 0.0063072187, 0.20896983, 0.15869318, 0.2506327, 0.05866084, 0.0031049778, 0.098764546, 0.0030717922
0.1410198, 0.046079732, 0.0012459089, 0.097748734, 0.043609675, 0.13605483, 0.12069671, 0.17283976, 0.24417709, 0.005066413
0.121980414, 0.0010595819, 0.003867808, 0.39855692, 0.121385984, 0.06766786, 0.21631397, 0.0045431964, 0.26045775, 0.06958024
0.20173289, 0.2691382, 0.14909591, 0.2891258, 0.045901548, 0.26045093, 0.15022796, 0.21563812, 0.44044784, 0.00068509614
0.19480312, 0.16267681, 0.024578275, 0.28005683, 0.24898876, 0.35879025, 0.0020864075, 0.29123846, 0.43833104, 0.00037678154
0.163533, 0.030360516, 0.1942616, 0.0020652565, 0.15062276, 0.51855993, 0.1608377, 0.20037854, 0.036774613, 0.0011909124
0.25976735, 0.0012930194, 0.21377182, 0.0016651866, 0.12409936, 0.33020094, 0.34989053, 0.00095051515, 0.28738576, 0.27165335
0.08519306, 0.11325534, 0.089619964, 0.042342972, 0.05070591, 0.23089637, 0.3175541, 0.00015833159, 0.21619059, 0.059181668
0.0027821285, 0.034252986, 0.18950875, 0.08452054, 0.14527954, 0.059622824, 0.07928456, 0.0009297711, 0.0024141602, 0.034918584
0.019690484, 0.0010021119, 0.023018582, 0.0010216588, 0.12579091, 0.08475656, 0.29212937, 0.0023833476, 0.03804178, 0.003744099
0.0024913582, 0.23723938, 0.15530255, 0.0013975173, 0.3675204, 0.0010925223, 0.12945996, 0.07534769, 0.14758134, 0.03898609
0.0067424495, 0.23855087, 0.0016665576, 0.101655684, 0.16415161, 0.007943447, 0.091728516, 0.08218001, 0.0503377, 0.0027684013
0.021917079, 0.3426738, 0.34632203, 0.17766297, 0.48498163, 0.26627386, 0.10701647, 0.0026298384, 0.3926535, 0.047182705
0.0018316045, 0.5050098, 0.43307513, 0.4285193, 0.42693758, 0.4759583, 0.2987166, 0.0014774635, 0.14874695, 0.17773767
0.00034168232, 0.28368828, 0.38772723, 0.4635495, 0.88471687, 0.7738875, 0.28998947, 0.00026561643, 0.30893505, 0.0015468695
-0.0, 1.0271732, 0.71932054, 0.6056694, 0.7561268, 0.26935327, 0.0026531036, 0.0002494495, 0.038888425, 0.00011971082
0.015304696, 0.29579622, 0.11326553, 0.09933468, 0.0002746266, 0.0488395, 0.1406727, 0.19969276, 4.939118e-05, 0.26099265
0.5745217, 0.11849987, 0.041980345, 0.000103960796, 1.9258467e-05, 2.366147e-05, 0.06460957, 0.42916745, 0.058667142, 0.32896522
2.1528492e-06, 0.08059304, 0.027954591, 0.004579223, 0.048733052, 0.021419335, 0.05172071, 0.007192306, 3.2523155e-06, 0.053461686
0.058473248, 0.08410359, 0.026290247, 0.03498939, -0.0, 0.03218073, -0.0, -0.0, -0.0, 0.07824608
-0.0, 0.055042204, 0.051709335, 0.0014897912, 0.03332132, 0.045919124, 0.032004505, -0.0, 0.0009824176, 0.020798467
7.407649e-07, 1.5390446e-05, 0.26383516, 0.0007696123, 4.1671778e-05, 1.16804795e-05, 0.20233953, 5.2939054e-06, 2.9670182e-05, 0.11727051
0.18775304, 0.00014567771, 0.3250743, 0.014864848, 0.0246601, 0.025303653, 0.2318411, 0.0836703, 0.00030387417, 0.0003170916
0.018278372, 0.00012771128, 0.17939845, 0.5341998, 0.5717253, 0.04573045, 0.28471327, 0.035326876, 0.23329215, 0.014594716
0.4769799, 0.0008129381, 0.0013531733, 0.39390862, 0.19241871, 0.18624714, 0.30391738, 0.0870065, 0.28238517, 0.16427258
0.0019178226, 0.0015460658, 0.39540774, 0.5569456, 0.12066655, 0.3214555, 0.3909869, 0.001723805, 0.22117905, 0.017474491
0.21014066, 0.00085083104, 0.14283876, 0.24257548, 0.3377819, 0.064331606, 0.1655154, 0.14008965, 0.36929914, 0.03337362
0.0037418008, 0.01646947, 0.07521432, 0.06769032, 0.16323058, 0.15495864, 0.0022238703, 0.08272071, 0.25681338, 0.0019600538
0.07368392, 0.08158059, 0.054079127, 0.047179665, 0.033196338, 0.010055389, 0.051631115, 0.004386481, 0.21491052, 0.0018800562
0.03502201, 0.084034994, 0.0015432838, 0.39853802, 0.11192009, 0.0009390701, 0.22716862, 0.08886916, 0.3230245, 0.14202721
0.10592353, 0.15858969, 0.15944435, 0.00232933, 0.08573703, 0.0015817242, 0.08618096, 0.10814545, 0.27657208, 0.1095592
0.23648797, 0.18066949, 0.040039763, 0.25658035, 0.08361798, 0.3066035, 0.009804066, 0.28729665, 0.41387007, 0.002172594
0.35931978, 0.2623932, 0.002025124, 0.0019621842, 0.22746646, 0.5423469, 0.0529009, 0.1665465, 0.14046395, 0.14525443
0.07234696, 0.13268219, 0.030439464, 0.0019018375, 0.12034545, 0.35565883, 0.2885073, 0.11302041, 0.27420378, 0.20638578
0.1830048, 0.1831697, 0.22366989, 0.00982776, 0.17409745, 0.40267923, 0.14336361, 0.00032622798, 0.3631679, 0.120252505
0.005750961, 0.13202132, 0.12043832, 0.094978504, 0.21635307, 0.21843322, 0.31560442, 0.00038561918, 0.20747046, 0.08900154
0.0032202934, 0.01864605, 0.062123753, 0.0016375446, 0.051978063, 0.2588714, 0.057625715, 0.079919316, 0.18918721, 0.057498198
0.027863085, 0.15034981, 0.0010524518, 0.09518103, 0.17662486, 0.0151326535, 0.16220567, 0.1270507, 0.20645, 0.0024077042
0.12514135, 0.03165347, 0.00038146955, 0.15895869, 0.20315407, 0.20366906, 0.026967533, 0.119888656, 0.16818069, 0.062288746
0.17039275, 0.074666195, 0.1950336, 0.025308106, 0.18532254, 0.11329714, 0.18765213, 0.0014433401, 0.25522533, 0.07175391
0.0016773922, 0.10233012, 0.15611811, 0.27684236, 0.12919419, 0.16008994, 0.2922645, 0.00113824, 0.3937964, 0.3945469
0.21142124, 0.17432289, 0.38546774, 0.3102135, 0.36016384, 0.0004138739, 0.00094752555, 0.0014588728, 0.32289505, 0.30489486
0.20292588, 0.42740571, 0.24921784, 0.5191948, 0.17293419, 0.3675048, 0.017251883, 0.0012390402, 0.046065878, 0.014031783
-0.0, 0.8911713, 0.67823106, 0.38489056, 0.17786229, 0.28811634, 0.25555044, 0.00047398926, 0.00034339895, 0.1846862
-0.0, 0.6483226, 0.48912787, 0.03252578, 0.07191761, 0.008747344, 0.12940118, 0.09537505, 0.0002983801, 0.068497404
0.0019406928, 0.678622, 0.08462566, -0.0, 1.472036e-07, 4.5997734e-08, 0.0035218825, 0.44295034, 0.00026967586, 0.39017406
5.807027e-07, 0.23742995, 0.015449986, 1.8583032e-05, 0.053758007, 7.6126807e-06, 4.47395e-07, 0.12909031, 8.772693e-07, 0.1510695
0.09348928, 0.06644791, 0.03502965, 0.010913568, -0.0, -0.0, -0.0, 0.08940332, 0.04264767, 0.0067401943
0.0054612937, -0.0, 0.091916345, 0.073335744, 0.03299068, 0.0015054424, 0.07421998, 0.0017069739, 0.02246865, 2.8076033e-06
0.011208479, -0.0, 0.2120822, 0.030059349, 5.2057035e-06, 0.044613726, 0.1956444, 6.6131616e-07, 2.4398641e-06, 0.043323215
0.07764016, 0.00011418153, 0.03333187, 3.4574853e-06, 0.034961984, 0.12778409, 0.26927537, 9.240457e-05, 0.096013896, 0.02179886
0.0007839611, 0.00049874396, 0.17911653, 0.00029418923, 0.1332611, -0.0, 0.41188386, 0.01275871, 0.6609186, 0.12829658
0.0053409394, 0.00056183257, 0.38577512, 0.5675046, 0.15321596, 0.012901602, 0.21738806, 0.00040877445, 0.42911363, 0.058079567
0.08338423, 0.062490083, 0.01931553, 0.17543595, 0.28374076, 0.084326625, 0.0019507483, 0.0010060271, 0.28675088, 0.09230383
6.119066e-05, 0.2578644, 0.1576845, 0.35127473, 0.13812351, 0.000792354, 0.1624876, 0.39476866, 0.2906173, 0.3170463
0.0022260507, 0.0010236483, 0.22104175, 0.13710344, 0.0018337833, 0.24505618, 0.122906044, 0.14787097, 0.22713603, 0.046796426
0.0030813923, 0.00037763163, 0.0017414625, 0.28693148, 0.064373694, 0.04065931, 0.057605512, 0.17391947, 0.12431613, 0.0034137052
0.22407207, 0.11459293, 0.0008086678, 0.16986355, 0.067831665, 0.03514269, 0.16041227, 0.0574589, 0.19565885, 0.21349952
0.12512036, 0.20967337, 0.0011596326, 0.39085132, 0.15432109, 0.025177538, 0.05324595, 0.025865506, 0.10478602, 0.0028866867
0.16334382, 0.34859958, 0.006319156, 0.23881635, 0.2152474, 0.2809354, 0.056325216, 0.29739594, 0.40618977, 0.0009034165
0.076611504, 0.11800499, 0.07798779, 0.0020748037, 0.24324074, 0.12904407, 0.003408771, 0.1703419, 0.0031029668, 0.004497754
0.2128674, 0.12966415, 0.118150905, 0.0022276675, 0.005234373, 0.4741544, 0.14927918, 0.018763775, 0.28514504, 0.2631543
0.10115432, 0.06433205, 0.0043093725, 0.003237105, 0.07806337, 0.32325315, 0.08993988, 0.0005344446, 0.16302857, 0.03942967
0.117940575, 0.20045255, 0.061166592, 0.06654497, 0.10792324, 0.3303578, 0.25946754, 0.00012323217, 0.30626938, 0.24646413
0.0017751477, 0.06400787, 0.1746509, 0.002336687, 0.15254283, 0.002212794, 0.21696399, 0.009372508, 0.2632719, 0.001287748
0.002153679, 0.14052612, 0.0010050006, 0.084583156, 0.0529546, 0.0012840491, 0.2297012, 0.004414843, 0.003871165, 0.12315202
0.0023388013, 0.16208665, 0.35412854, 0.2104551, 0.14147307, 0.017615205, 0.38133326, 0.0014543857, 0.34535682, 0.20088747
0.0023775538, 0.05591208, 0.10694883, 0.14192837, 0.09961413, 0.0007757674, 0.05022108, 0.10971532, 0.16896936, 0.28408667
0.06366579, 0.08885883, 0.032576468, 0.22233745, 0.18171373, 0.07644313, 0.062370885, 0.072683774, 0.03599337, 0.0012177275
0.0018421278, 0.0017206351, 0.0014389185, 0.31367004, 0.00067221705, 0.01829703, 0.08233258, 0.1812799, 0.31601727, 0.23501036
0.13460307, 0.12877981, 0.33799252, 0.26094902, 8.862982e-05, 0.001738027, 0.29466724, 0.25742075, 0.039611176, 0.3611218
0.27680892, 0.1663329, 0.22985454, 0.50496143, -0.0, 0.15679416, 0.000359912, 0.33776128, 0.0556137, 0.02833819
-0.0, 0.53611207, 0.24963503, 0.1718318, 0.22803386, 0.13996331, 0.00013384821, 0.00033309564, 0.0089185545, 0.00025034882
-0.0, 0.4511009, 0.11986534, -0.0, 2.9616516e-05, 1.76323e-05, 1.2461422e-05, 0.30008245, 7.583298e-05, 0.29054323
-0.0, 0.032789387, 0.0033685444, 0.019199055, -0.0, 0.030507522, 0.071815126, 0.025041811, 0.07414732, 0.05790921
0.0700913, -0.0, 1.4600167e-07, 0.0035445783, -0.0, -0.0, 0.06807449, 0.012192318, 0.014054963, 0.06401816
0.053752363, 0.0040544537, -0.0, -0.0, 0.043325406, 0.064638965, 0.044825837, 0.014632873, 1.17089286e-07, 0.004847959
0.0109745, 0.015673336, 0.098384626, 0.010655511, -0.0, 0.05117057, 0.060053997, 0.009686441, 0.02760058, 0.01584824
0.00018956162, 0.049367152, 0.09884983, 6.393171e-06, 0.094728954, 0.0031197106, 0.26533416, 8.612997e-05, 0.12682748, 0.252425
0.00061025785, 0.17889689, 0.16176862, 0.002862855, 0.19577557, 3.0797033e-05, 0.00043077776, 0.36765367, 0.24591261, 0.06961169
0.0013911037, 0.37820706, 0.049766295, 0.013539995, 0.19339362, 0.00075863383, 0.12769426, 0.31404713, 0.12028729, 0.25977564
0.038178068, 0.16273792, 0.00042942687, 0.002650241, 0.0018268916, 0.08104943, 0.26211888, 0.09522689, 0.26183152, 0.3028287
0.0010856792, 0.16261657, 0.22408098, 0.47351232, 0.31580976, 0.024097515, 0.09900857, 0.13536692, 0.2689628, 0.0004365641
0.002352458, 0.13645309, 0.14017963, 0.1918255, 0.15219924, 0.2706533, 0.0012917382, 0.21702835, 0.31908748, 0.2212021
0.04701651, 0.1983191, 0.07999028, 0.13807097, 0.13058671, 0.0007593973, 0.0013112618, 0.16073231, 0.2390022, 0.07192539
0.002559553, 0.074698284, 0.03195318, 0.28764182, 0.102727026, 0.0002711877, 0.07934082, 0.05804824, 0.16354787, 0.10339186
0.025719237, 0.13190633, 0.00083637546, 0.0013846189, 0.06925251, 0.11550068, 0.073556185, 0.081912324, 0.27969846, 0.067097805
0.16552876, 0.13319893, 0.023144886, 0.21638636, 0.0697768, 0.34834492, 0.0018972332, 0.16554679, 0.18206394, 0.0017971986
0.13733505, 0.0812269, 0.0950018, 0.002632511, 0.057409283, 0.31258497, 0.0027595242, 0.0038626944, 0.032342795, 0.1328852
0.24542972, 0.30594572, 0.07919828, 0.002691965, 0.0020736519, 0.64561987, 0.13504504, 0.0012420644, 0.27269632, 0.12994349
0.0059460574, 0.16583358, 0.08766257, 0.008558591, 0.15610336, 0.11527066, 0.28085992, 0.0012722843, 0.15472418, 0.13869809
0.036888607, 0.10036395, 0.0021284712, 0.001084399, 0.0030955006, 0.4101369, 0.004140582, 0.06858723, 0.38172448, 0.079380594
0.0015833613, 0.043669887, 0.14952919, 0.14192109, 0.10890742, 0.001149422, 0.34987885, 0.0030892012, 0.22711475, 0.15728502
0.23437877, 0.002454028, 0.1710863, 0.24905942, 0.0783256, 0.0015903647, 0.105856, 0.080043085, 0.15811113, 0.1846495
0.16514619, 0.2625544, 0.00041917208, 0.06796641, 0.14393276, 0.0011217158, 0.17977439, 0.032653432, 0.16792172, 0.18561266
0.068408094, 0.025075428, 0.0016428877, 0.2775802, 0.12682347, 0.0007110222, 0.36610246, 0.13676482, 0.0039703352, 0.0027685813
0.07009772, 0.071773134, 0.052661482, 0.1730786, 0.0021317312, 0.046605557, 0.18329786, 0.17246704, 0.002441419, 0.09979206
0.0010193464, 0.15688597, 0.23940963, 0.14810312, 0.15527366, 0.08219649, 0.57944113, 0.0008741418, 0.34803045, 0.0010240366
0.057552733, 0.0011747987, 0.0820451, 0.4083516, 0.00015943119, 0.01642171, 0.43660042, 0.22280763, 0.111034825, 0.00095658045
0.39527044, 0.22868997, 0.17295901, 0.35725787, 1.6597036e-05, 0.06701522, 0.0008304929, 0.9623743, 0.0007177345, 0.4031869
0.085957356, 0.45848143, 0.00037790075, 0.43342963, 0.034071844, 0.22110257, 8.726343e-05, 0.04739445, 0.012350417, 0.0878435
-0.0, 0.61163473, 0.040107686, -0.0, 2.6014783e-05, 4.0311807e-06, 0.00029939055, 0.2532371, 0.07049194, 0.1464708
-0.0, 0.09584748, 0.007111172, -0.0, -0.0, 5.167435e-06, -0.0, 0.036511786, -0.0, 0.053008713
0.05498675, -0.0, 0.052698318, 0.06153581, -0.0, 0.013665051, 0.0010711678, -0.0, -0.0, 0.0003288584
0.00764389, 0.04612687, 0.014107487, -0.0, -0.0, 0.008477833, 0.021843877, 0.0086004175, 0.008995045, -0.0
0.027221313, 0.016803982, 9.840471e-06, 3.3724567e-07, -0.0, 0.08433101, 0.08107997, 0.052271854, -0.0, 2.0518977e-05
0.08209261, 0.42207986, 0.00022233091, 8.305405e-06, 0.004078176, 0.04073315, 0.00043203766, 0.21451604, 0.0014234461, 0.30162588
0.00081959117, 0.16341138, 0.055671535, 0.0016149965, 0.33311355, 0.061490435, 0.25943896, 0.54418945, 0.0006861084, 0.07662986
0.0017939097, 0.14405686, 0.0008053429, 0.2634606, 0.20408472, 0.06077815, 0.07025734, 0.26596236, 0.022052344, 0.028951572
0.00080685585, 0.2455091, 0.06095096, 0.31668893, 0.08930203, 0.029376596, 0.009232755, 0.0020477504, 0.0056916685, 0.13791224
0.001551917, 0.26588404, 0.26260924, 0.23554893, 0.10565727, 0.106193066, 0.24091095, 0.0040456476, 0.1625568, 0.15538935
0.0021382952, 0.047834333, 0.25003418, 0.32852, 0.26729235, 0.013473374, 0.069170356, 0.018034063, 0.31877595, 0.12194172
0.003099114, 0.21348478, 0.11458862, 0.2186563, 0.0065906197, 0.19570187, 0.07040517, 0.07383749, 0.005612136, 0.0018081436
0.06789864, 0.13038217, 0.001647509, 0.038852878, 0.16122994, 0.014267541, 0.0023431408, 0.06597102, 0.07891439, 0.04464362
0.06583818, 0.28633654, 0.0008137249, 0.44523957, 0.28515866, 0.38440415, 0.0025939916, 0.23899809, 0.13555992, 0.07927414
0.13569212, 0.22216693, 0.038318623, 0.0021903429, 0.05559183, 0.0014631067, 0.042256843, 0.0018634947, 0.1261764, 0.09477476
0.25952876, 0.2775453, 0.04869891, 0.0032339448, 0.002961817, 0.35133058, 0.36531043, 0.0026247043, 0.16373137, 0.3250084
0.08149747, 0.23705424, 0.0025673832, 0.0035270012, 0.033604927, 0.38019827, 0.0027414323, 0.035289995, 0.22083895, 0.06025615
0.07630567, 0.07761409, 0.11638226, 0.17882733, 0.0018131024, 0.0021122987, 0.16090453, 0.0024289144, 0.23879471, 0.057276074
0.001609687, 0.15792404, 0.17551433, 0.034850154, 0.17389497, 0.12155508, 0.04233348, 0.0027446025, 0.1436072, 0.1040698
0.11647844, 0.3983238, 0.11583866, 0.113773055, 0.22614816, 0.00084851193, 0.26568583, 0.08025717, 0.22843643, 0.3555153
0.0024559149, 0.17498119, 0.00031432338, 0.16195078, 0.106251255, 0.0013229655, 0.31012502, 0.042886615, 0.05201566, 0.0017152505
0.028995443, 0.19268553, 0.0021653036, 0.31229743, 0.0022888891, 0.0007730217, 0.3370428, 0.17042555, 0.12684019, 0.17432489
0.0040631737, 0.0052046883, 0.08548532, 0.11018687, 0.0021082947, 0.0004558484, 0.24766396, 0.17675047, 0.3378354, 0.036209207
0.0017549739, 0.2754531, 0.17745453, 0.22343722, 0.0018654261, 0.08656358, 0.12542625, 0.1310892, 0.10522117, 0.21187915
0.05380454, 0.0005300635, 0.001397566, 0.16124614, 0.06205629, 0.034302387, 0.031977408, 0.39173034, 0.14727598, 0.2589655
0.18627489, 0.41294605, 0.024506109, 0.0016769426, 0.014136978, 0.00072237226, 0.18454975, 0.102053896, 0.08858261, 0.012395876
0.1296413, 0.37744063, 0.04202476, 0.12991661, 6.703558e-05, 0.48865712, 0.22484362, 0.4206546, 0.0006563868, 0.00023775332
0.010668427, 0.7952228, 4.77312e-05, 0.3168227, 3.2526923e-06, 0.12256509, 7.755871e-05, 0.14519309, 0.08194274, 0.4581963
1.711309e-06, 0.6251359, 0.14034252, 8.735987e-05, 1.7259954e-06, 9.6365606e-05, 3.98116e-05, 0.30789194, 0.0027280718, 0.35437155
-0.0, 0.1285695, 0.055785954, 7.307381e-06, 4.8568904e-06, 0.03490721, -0.0, 0.11725391, -0.0, 0.0869322
0.017305538, 0.0052503943, 0.0, 0.0, 0.0, 0.0, 0.0, 0.075851806, 0.0, 0.0
0.002684639, 0.033806365, -0.0, 0.00045924887, -0.0, 0.0603994, 0.031879723, 0.003817981, 0.03162051, 0.033470877
0.0007344395, 0.22053984, 0.052701317, 3.04963e-08, 1.3011277e-06, 0.1024199, 0.10710972, 1.2933504e-05, 0.0328408, 8.2836305e-05
0.23174717, 0.19869213, 0.00020452151, 6.3597286e-06, 0.00012508658, 0.110550456, 0.051606465, 0.47930992, 2.434614e-05, 0.2644272
0.13857302, 0.16031726, 0.3002547, 0.0004009732, 0.0006702676, 0.00033568701, 0.32525522, 0.38850728, 0.020335792, 0.0013076687
0.0011545073, 0.016275018, 0.06612352, 0.30528554, 0.0019690355, 0.011806164, 0.13483992, 0.13329504, 0.10217686, 0.25353932
0.17660807, 0.08242618, 0.03797139, 0.15126264, 0.0014752488, 0.0032637555, 0.0026423435, 0.36754155, 0.078936614, 0.1788299
0.0026035751, 0.18594478, 0.070957705, 0.002923863, 0.18126889, 0.1300868, 0.06473883, 0.09729222, 0.13142659, 0.0013210202
0.022403251, 0.1530866, 0.009304363, 0.06979488, 0.09028665, 0.25496954, 0.019209873, 0.0014792974, 0.13851804, 0.037024762
0.052914135, 0.24196495, 0.22937329, 0.26811922, 0.21520108, -0.0, 0.0016433068, 0.012152278, 0.16303669, 0.14858375
0.011035613, 0.25787422, 0.07856627, 0.33283398, 0.28858635, 0.31449068, 0.001820292, 0.12851873, 0.17339925, 0.22021984
0.15136857, 0.3015504, 0.073218405, 0.3511227, 0.08956088, 0.14184333, 0.0052250987, 0.0017434183, 0.1322336, 0.17231812
0.0025541023, 0.13339157, 0.27799755, 0.01247551, 0.2436064, 0.18039244, 0.053240433, 0.014196575, 0.021384554, 0.12683135
0.05483249, 0.2757746, 0.1791822, 0.0031483457, 0.09886555, 0.4483625, 0.09950381, 0.0017622453, 0.2409561, 0.23726052
0.002752118, 0.10589899, 0.3523857, 0.087723665, 0.031138618, 0.29020923, 0.05141853, 0.0021961518, 0.28851104, 0.12053514
0.0034446463, 0.04810506, 0.027274188, 0.0010769397, 0.050076216, 0.12868388, 0.049725406, 0.0030563816, 0.26523376, 0.30988786
0.0883883, 0.12335851, 0.0012501663, 0.010535835, 0.04113078, 0.02256984, 0.04083068, 0.006864617, 0.12535852, 0.0015878328
0.17603876, 0.12201835, 0.00075464294, 0.43201256, 0.13755313, 0.0021620416, 0.27735677, 0.2764554, 0.23093197, 0.0018466706
0.016195389, 0.0024924926, 0.02330726, 0.0763646, 0.0014074332, 0.0019043772, 0.098899715, 0.12546593, 0.27548677, 0.22128776
0.17576258, 0.041455034, 0.006510671, 0.16210097, 0.028150313, 0.20126459, 0.11972374, 0.1723501, 0.0023387624, 0.0030186425
0.013521782, 0.0013418132, 0.21367893, 0.13698353, 0.001948907, 0.00056476507, 0.0020123352, 0.08904574, 0.01231454, 0.09657879
0.15556732, 0.09986877, 0.0019202547, 0.08535142, 0.0013274512, 0.07398436, 0.047470376, 0.10375259, 0.17484537, 0.0015187172
0.0017411567, 0.11614301, 0.20633253, 0.15369257, 0.0016566698, 0.2139232, 0.15537627, 0.00084321137, 0.0067828554, 0.022671519
0.22487254, 0.07408824, 0.06673105, 0.23275565, 0.00059137336, 0.12180037, 0.11995184, 0.08720457, 0.019922722, 0.01127122
0.33620188, 0.012813192, 0.6143496, 0.21164018, 0.0044751717, 0.19002752, 0.000637669, 0.0007194667, 0.000374965, 0.1732471
-0.0, 0.6185599, 0.105218865, 0.367663, 6.373852e-05, 0.06932812, 0.00019170766, 0.13071235, 5.6298e-05, 0.7906776
1.9158992e-06, 0.22090913, 0.21409224, 6.250715e-05, 4.456255e-06, 0.009642346, 0.02901333, 0.1704115, 2.2195234e-05, 0.23606703
-0.0, 0.11352899, 0.011003797, 0.006913979, 0.069802776, -0.0, -0.0, 0.10577249, -0.0, 0.086494386
-0.0, 0.008305579, 0.051819265, 0.030609658, 0.023910979, 0.047542825, 0.01945004, 0.026452383, 0.023904638, 0.08294593
0.079091966, 0.010026832, -0.0, -0.0, -0.0, 0.05842295, 0.0589353, 0.00040104854, 0.05504165, 0.060237475
1.7457638e-05, 0.013903727, 0.037338607, 5.214576e-06, 5.277567e-06, 0.03949133, 0.16295941, 0.0005315696, 0.015943317, 0.00012329969
0.07511442, 0.17564204, 0.00018725244, 4.013895e-05, 2.1829052e-05, 0.22518937, 0.36436442, 0.33110476, 0.00039493552, 0.09036268
0.16053106, 0.19745468, 0.21375379, 0.1667799, 0.0005840222, 0.00018632875, 0.025997357, 0.23752671, 0.2343328, 0.21109861
0.2539039, 0.39245674, 0.059704557, 0.001467196, 0.001538621, 0.0008338306, 0.23938282, 0.28864717, 0.04914579, 0.28457993
0.23773798, 0.2595387, 0.00040887046, 0.17129092, 0.23940408, 0.0012938963, 0.23672196, 0.23710887, 0.230001, 0.14182933
0.028099058, 0.2306581, 0.0010174325, 0.24032076, 0.05003458, 0.0026332657, 0.00204606, 0.08022407, 0.14374606, 0.22807682
0.08735069, 0.13013092, 0.1236154, 0.1557307, 0.067755505, 0.083447956, 0.0033521208, 0.13630727, 0.036909103, 0.0014042016
0.038995847, 0.21706273, 0.19427304, 0.31349677, 0.18450785, 0.07758711, 0.0017049075, 0.037777584, 0.19820905, 0.0020356819
0.06331276, 0.16639927, 0.16710614, 0.16718256, 0.40321368, 0.069738045, 0.0016426904, 0.12926632, 0.0015787632, 0.23710954
0.09984281, 0.107290626, 0.13262294, 0.002579152, 0.2630319, 0.04464694, 0.09072897, 0.032953057, 0.11534483, 0.11975254
0.20238373, 0.47128528, 0.13342899, 0.43379033, 0.0021692133, 0.32828286, 0.0033959516, 0.0025497654, 0.23613575, 0.28944874
0.20842582, 0.19538836, 0.16391918, 0.22493413, 0.0022253937, 0.17566924, 0.22359754, 0.0010461515, 0.3681813, 0.3072543
0.05285533, 0.0030921286, 0.050912682, 0.0015501217, 0.04822264, 0.18002853, 0.0027063556, 0.025321783, 0.20613825, 0.26033705
0.0907795, 0.09360998, 0.0010477612, 0.08322734, 0.03494615, 0.04568652, 0.1581805, 0.057639595, 0.07068133, 0.0024361971
0.12620682, 0.2673527, 0.00072618155, 0.28822762, 0.13467862, 0.0027400097, 0.37376717, 0.15790787, 0.28208846, 0.15451506
0.037508816, 0.020175824, 0.00038040284, 0.00090170355, 0.037778772, 0.23409562, 0.0046983412, 0.1365279, 0.014943468, 0.23964958
0.00012842347, 0.085935734, 0.061940935, 0.10960021, 0.0019749599, 0.15967017, 0.12541763, 0.0020609214, 0.002128355, 0.06965223
0.089077696, 0.20325667, 0.0019664285, 0.024320778, 0.0019070287, 0.00053380383, 0.09945431, 0.10246463, 0.0527894, 0.10392482
0.019194018, 0.026882814, 0.001574598, 0.0021963948, 0.0022582172, 0.1978099, 0.034275375, 0.009336977, 0.15438928, 0.0030472043
0.0014801574, 0.13292141, 0.0035395892, 0.0024147793, 0.0009868369, 0.1562825, 0.24639997, 0.059868354, 0.11000293, 0.12089656
0.14370447, 0.09246708, 0.1232841, 0.0027535995, 0.06264432, 0.13894749, 0.097797915, 0.4365379, 0.002030389, 0.09805917
0.2317133, 0.41749543, 0.04071088, 0.25946227, 0.0003487082, 0.13256189, 0.000812691, 0.32249314, 0.16206053, 0.04774316
0.1566388, 0.36313874, 0.30991748, 0.19113243, 0.00010795159, 0.18783095, 0.0002750085, 0.20019408, 0.007849727, 0.4240058
-0.0, 0.27725264, 0.13231681, 0.18459387, 2.5626996e-05, 0.37208462, 5.272855e-05, 0.16257884, 0.00012208956, 0.46887633
0.0031211958, 1.3778727e-05, 0.18511266, 8.733607e-06, 9.250934e-06, 0.09040923, 0.14798029, 8.70305e-06, 3.9227667e-05, 0.07971233
-0.0, 0.090481065, 0.01195718, -0.0, -0.0, 1.0107932e-06, -0.0, 0.028400848, 0.017712345, 0.037290957
0.06321721, -0.0, 0.042249326, 0.04187706, -0.0, 0.00014489584, 0.0088184, -0.0, 0.020495573, -0.0
-0.0, 0.0538839, 0.10706545, 0.0072514485, -0.0, -0.0, 0.044704206, 0.0655034, -0.0, 0.08785159
0.14932154, 1.8889961e-05, 0.06368526, 0.06653408, 1.4998518e-07, 2.5188303e-09, 1.5043109e-05, 1.0214606e-05, 0.16242167, 0.11464758
0.09227797, 0.051826827, 0.00016240888, 0.00011143954, 2.4025469e-05, 0.022544239, 0.30207905, 0.23558843, 0.3455174, 0.0003811759
0.1697377, 0.10671058, 0.02673739, 0.24112076, 0.0006449996, 0.00039635724, 0.22838952, 0.2577991, 0.1970547, 0.18085329
0.35277042, 0.4602548, 0.00042017715, 0.3043965, 0.13915047, 0.0005590581, 0.4350241, 0.103003, 0.10328454, 0.0015339411
0.08129518, 0.0026726562, 0.00081351155, 0.2809396, 0.1065061, 0.015133035, 0.012429277, 0.101012334, 0.2468737, 0.053456225
0.0022312026, 0.0857574, 0.037523232, 0.08707677, 0.19714579, 0.27616593, 0.0011857044, 0.23876926, 0.10249788, 0.15645145
0.09315158, 0.012891972, 0.054484203, 0.09383931, 0.13596687, 0.001126898, 0.043449014, 0.15149394, 0.025921775, 0.1578389
0.13862881, 0.16513774, 0.18219, 0.067820586, 0.002421453, 0.2605842, 0.012731651, 0.043789938, 0.0024233807, 0.17157954
0.26023632, 0.28255877, 0.0009924539, 0.26181263, 0.20412642, 0.32620946, 0.002319688, 0.25512698, 0.022670435, 0.1340096
0.0025349958, 0.17503409, 0.09038629, 0.38679907, 0.0021410517, 0.027654823, 0.017025439, 0.00035810028, 0.12174839, 0.10086597
0.15744728, 0.0028146857, 0.109451264, 0.23828264, 0.22328186, 0.13608894, 0.09716871, 0.13555475, 0.0007179231, 0.26143938
0.038477, 0.21906894, 0.019506231, 0.0062372205, 0.0030935816, 0.2887345, 0.0019002925, 0.118391596, 0.01590002, 0.1910843
0.033976614, 0.21214332, 0.031769726, 0.27197924, 0.0025627422, 0.083025925, 0.19317399, 0.019953908, 0.24456398, 0.10526973
0.13170208, 0.11627925, 0.0381601, 0.09565515, 0.0028160259, 0.27811038, 0.014694421, 0.15791851, 0.13325688, 0.22182532
0.011082559, 0.110121466, 0.0013635635, 0.001141593, 0.0032151751, 0.33200952, 0.0020698174, 0.070242666, 0.019364385, 0.0589695
0.16253473, 0.33499074, 0.0010158262, 0.22376539, 0.04735389, 0.021675045, 0.20850438, 0.11242623, 0.003392317, 0.0024798806
0.12773739, 0.13271673, 0.0013302083, 0.12009175, 0.108904816, 0.047631204, 0.0053448053, 0.14188446, 0.034510795, 0.0030286019
0.032116883, 0.002839107, 0.035322543, 0.023722462, 0.043013, 0.27630216, 0.1235508, 0.0016945228, 0.04780219, 0.013670128
0.088248044, 0.0030246067, 0.05915344, 0.116274275, 0.14788333, 0.04012442, 0.008389835, 0.14482842, 0.0017677782, 0.1488906
0.02589478, 0.06499966, 0.0026366515, 0.14776242, 0.0009321184, 0.00977923, 0.05542999, 0.2021914, 0.1627071, 0.018417988
0.24930075, 0.4077015, 0.24267884, 0.45057008, 0.29133484, 0.36661008, 0.0007504979, 0.22610132, 0.0016503121, 0.22054106
0.37689716, 0.22155605, 0.0005315657, 0.04349847, 0.10559602, 0.41953522, 0.0008558582, 0.17478515, 0.019710774, 0.089890845
0.21380647, 7.418741e-05, 0.26494676, 0.060791332, 0.01278792, 0.13029781, 0.000865692, 0.35088253, 0.08264374, 0.17431328
8.373256e-05, 0.39402542, 0.09349652, 0.00015128858, 2.820865e-05, 0.20934397, 5.9156378e-06, 0.4009851, 9.2612485e-05, 0.44916946
-0.0, 0.14731976, 0.099096395, -0.0, 3.240243e-14, 0.07092936, -0.0, 0.12710531, -0.0, 0.05547341
-0.0, 0.05905947, 0.008008531, 0.03674872, -0.0, 0.071232155, -0.0, 0.013382783, -0.0, 0.06929564
0.03353101, 0.06974503, 0.0, 0.0, 0.0, 0.0, 0.01427611, 0.0, 0.06772039, 0.08291852
0.034323417, 0.05356499, 0.037061036, 0.042450443, 0.06798599, 0.035172723, 9.218318e-07, 0.075262524, -0.0, 0.059726395
0.074326426, 0.0861608, 3.045165e-05, 0.0212129, -0.0, 9.6585964e-08, 9.51834e-07, 0.018506344, 0.11617731, 0.10944263
0.052528646, 0.19763236, 1.48641775e-05, 0.00014666384, -0.0, 0.0652918, 0.10492043, 0.4370507, 0.1557997, 0.016233176
0.0005577571, 0.36241144, 0.006981745, 0.117783636, 0.0047017625, 0.08581173, 0.09421794, 0.32202592, 0.1788302, 0.00055486825
0.20211327, 0.30252588, 0.0001874563, 0.30406508, 0.4550721, 7.5922464e-05, 0.1504695, 0.4924629, 0.0025765246, 0.23928016
0.14776887, 0.32898837, 0.0005591082, 0.0011785901, 0.049408205, 0.13411877, 0.10895106, 0.46214125, 0.07429391, 0.024935856
0.22570305, 0.47091863, 0.092245854, 0.21737252, 0.1318712, 0.2912014, 0.001586838, 0.111959964, 0.0015048509, 0.06989532
0.16899204, 0.07378706, 0.31568888, 0.023153817, 0.059146646, 0.13136877, 0.023391666, 0.30091983, 0.001011372, 0.1538165
0.11690609, 0.15421861, 0.0014262018, 0.16965255, 0.002656908, 0.20309559, 0.046314165, 0.29675075, 0.056929886, 0.042671554
0.15583922, 0.17200045, 0.2620348, 0.3346705, 0.10161435, 0.30886325, 0.0029727116, 0.13882631, 0.0012639564, 0.14673065
0.11152714, 0.23655069, 0.27153292, 0.1526951, 0.0018841091, 0.2523602, 0.0022719074, 0.3736167, 0.20418821, 0.2256719
0.09551983, 0.18805782, 0.40090415, 0.43772328, 0.0022790357, 0.12544195, 0.0012062045, 0.04401641, 0.030543838, 0.14602019
0.13118106, 0.005555873, 0.102882385, 0.037971303, 0.039798953, 0.001947112, 0.0024363731, 0.10021208, 0.0021344854, 0.13619274
0.05291362, 0.05868554, 0.047222767, 0.33689356, 0.0021662978, 0.20947114, 0.24669808, 0.052467752, 0.08068335, 0.1121486
0.09896362, 0.24838166, 0.028992755, 0.19606645, 0.0018941673, 0.0025678647, 0.042958185, 0.0026926063, 0.049264118, 0.0037355113
0.028843336, 0.05402083, 0.0008595048, 0.04093616, 0.0022956147, 0.23561163, 0.0025213377, 0.1607577, 0.29125273, 0.079876095
0.051653888, 0.0018713041, 0.0009726153, 0.060623057, 0.016563442, 0.27005854, 0.0035423804, 0.14976223, 0.21012126, 0.002105432
0.049633842, 0.1803101, 0.0018905732, 0.13167906, 0.0023687875, 0.4574622, 0.0035656032, 0.3044129, 0.23066357, 0.0028743767
0.20017175, 0.046111602, 0.050636232, 0.0028957631, 0.15717398, 0.20368516, 0.0027868114, 0.20316242, 0.070436485, 0.15996644
0.17837752, 0.4371927, 0.0010485224, 0.19126552, 0.023041286, 0.41174188, 0.0068035256, 0.29615518, 0.0010038512, 0.002212235
0.19711262, 0.3621186, 0.16753887, 0.11602461, 0.04625513, 0.2179821, 0.053698055, 0.058794238, 0.0012125985, 0.001983354
0.2820612, 0.14450291, 0.14604181, 0.08511863, 0.18781066, 0.17815961, 0.00080901297, 0.3766277, 0.0018575491, 0.12651101
0.18418725, 0.02923454, 0.0005029383, 0.0011562173, 0.18029441, 0.33013478, 0.047024533, 0.11357009, 0.023134729, 0.11878257
-0.0, 0.0141765, 0.1664601, 0.00017560746, 0.15563802, 0.27635196, 0.040089544, 0.076096445, 0.007571047, 0.37411308
0.057625867, 0.00023766032, 2.1662388e-05, 0.00010712687, 0.016574867, 0.1649139, -0.0, 0.29995397, 6.928905e-05, 0.2655581
1.5634005e-07, 6.985125e-05, 0.11679373, 0.028622974, 0.02500034, 0.108472906, -0.0, 0.07481574, 0.029817881, 3.291653e-05
0.045163546, 0.010207261, 0.044896755, 0.00018652697, -0.0, 0.04927171, -0.0, 0.0006413761, 0.00016625915, 0.00014375479
-0.0, -0.0, 0.08523006, 0.040884618, -0.0, 0.00040072267, -0.0, -0.0, 2.2930953e-05, 0.06862171
2.7701395e-08, 0.07413884, 1.5341332e-07, -0.0, -0.0, 0.07444972, 0.00350421, 0.020824766, 2.721343e-09, 0.074284434
2.5356161e-05, 0.24313545, 1.7279812e-05, -0.0, -0.0, 0.041305, 0.006974501, 0.073378876, -0.0, 0.15774357
0.0002895185, 0.13750467, 0.00064706116, 0.00012791815, -0.0, 0.2931617, 0.00039467934, 0.35352325, 0.0004366533, 0.003228401
0.23007227, 0.075014554, 0.035641294, 0.0003803299, 0.045248874, 0.32582134, 0.0008853286, 0.36388782, 0.16180201, 0.00015465326
0.0022349353, 0.0021471235, 0.10598768, 0.00060768035, 0.085313015, 0.13433482, 0.011116845, 0.19485374, 0.4890163, 0.10292198
0.16448581, 0.036617517, 0.15839754, 0.00083167286, 0.38096517, 0.3365162, 0.0020249856, 0.27988398, 0.0020013337, 0.091604754
0.2906438, 0.18004715, 0.042773757, 0.12711643, 0.18575597, 0.42681384, 0.0014872269, 0.37296894, 0.0011805003, 0.027147988
0.04855567, 0.00947698, 0.041199747, 0.16528627, 0.0013952752, 0.15796728, 0.149408, 0.039191827, 0.25487748, 0.0020202713
0.16107698, 0.25400296, 0.084050804, 0.16670066, 0.0991625, 0.10848944, 0.0022360296, 0.0019283788, 0.15571672, 0.1683206
0.0019804242, 0.0036842509, 0.16573967, 0.048063464, 0.03545416, 0.14920709, 0.002462105, 0.18604031, 0.039807983, 0.10589627
0.12339449, 0.15368831, 0.06633641, 0.1996026, 0.003224278, 0.02446687, 0.0014522873, 0.06484124, 0.04534145, 0.056664206
0.010631414, 0.02136615, 0.002384678, 0.2582375, 0.0030877718, 0.058474895, 0.0031695038, 0.08189579, 0.0067228056, 0.0023554142
0.18943009, 0.21869247, 0.046613697, 0.1871107, 0.0039037848, 0.15242551, 0.0031766666, 0.038161006, 0.0015765665, 0.12171394
0.17677324, 0.14041704, 0.03603775, 0.17353512, 0.00209208, 0.35469142, 0.0020336234, 0.07067222, 0.05967823, 0.1490956
0.077515304, 0.0020954686, 0.09055976, 0.11169178, 0.0014522767, 0.12239225, 0.043235727, 0.11322496, 0.06274836, 0.02751316
0.05148601, 0.0777016, 0.090716906, 0.11356875, 0.011520657, 0.17163126, 0.12705234, 0.08909258, 0.0027183394, 0.098103784
0.24227251, 0.31036368, 0.0034503932, 0.13337106, 0.0020094942, 0.11708112, 0.03007556, 0.0026078678, 0.038383123, 0.18213394
0.08201006, 0.09248124, 0.054650072, 0.12814566, 0.0023633132, 0.39595482, 0.029001884, 0.08212772, 0.045238044, 0.07676792
0.017228138, 0.42061, 0.0009237537, 0.017577853, 0.018229593, 0.21638057, 0.09108537, 0.15521172, 0.14266798, 0.097116604
0.22919527, 0.023345811, 0.040023185, 0.10986623, 0.0352637, 0.29457378, 0.0019442167, 0.013215944, 0.32415408, 0.11415951
0.08274258, 0.0011322454, 0.22951834, 0.0007434204, 0.19718912, 0.23355675, 0.000504966, 0.23614775, 0.22616702, 0.3162622
0.3423527, 0.41775963, 0.0006898474, 0.36353046, 0.023896089, 0.030787705, 0.0006314985, 0.19592878, 0.21768343, 0.005851898
0.0012529894, 0.5066188, 0.00042792555, 0.0063712248, 0.069939435, 0.008984323, 0.00029371586, 0.23784602, 0.26808798, 0.2522135
0.00015651196, 0.00018111248, 0.07934167, 1.7542012e-05, 0.10381161, 0.387543, 0.00024056388, 0.022761777, 0.18763365, 0.3589813
0.024441916, 0.0001354894, 0.11546635, -0.0, 1.7277489e-05, 0.20769164, -0.0, 0.2850409, 8.9850975e-05, 0.2539586
1.1324978e-05, 0.0558992, 0.026890723, 0.14381577, -0.0, 0.0015798715, 0.022753816, 0.05993691, 5.4871007e-06, 1.5269765e-05
-0.0, -0.0, 0.041205943, 2.3509545e-05, 0.007567741, 0.0069288104, -0.0, 0.03079554, 0.007911813, -0.0
-0.0, 0.025129845, 0.018687915, -0.0, 0.019105405, 0.00038819987, -0.0, -0.0, 0.064423785, 0.04383724
0.053359743, -0.0, 0.046376713, -0.0, -0.0, 0.060312364, 0.030535746, 0.069288746, 1.8846906e-08, -0.0
1.6732969e-05, 0.17810489, 1.8149678e-05, -0.0, -0.0, 0.10896707, 4.856396e-05, 0.098385744, -0.0, 0.039423533
0.04572544, 0.22874986, 5.6809033e-05, -0.0, 0.026489388, 0.26848716, 0.00010043077, 0.29479524, 0.0002789714, 7.34994e-05
0.29737493, 0.24603489, 0.0006082916, 0.0003518432, 0.08492248, 0.38030323, 0.00038607712, 0.20867454, 0.10677055, 0.16895787
0.001742549, 0.023720715, 0.7244668, 0.00037597123, 0.0007467726, 0.7277946, 0.002671198, 0.15447752, 0.0007203542, 0.16278596
0.0989277, 0.2913413, 0.36496565, 0.00039980584, 0.10935058, 0.17315938, 0.011031736, 0.35078052, 0.054923467, 0.025188874
0.14311358, 0.16110954, 0.18990232, 0.00076514506, 0.048919853, 0.10289285, 0.08867197, 0.05322633, 0.0015440005, 0.23229627
0.00074925914, 0.057150077, 0.18753959, 0.013715507, 0.14529791, 0.18657094, 0.032884017, 0.17109366, 0.0010654179, 0.27766997
0.07086614, 0.13245906, 0.11925621, 0.07842077, 0.03362633, 0.22465727, 0.003670804, 0.21799499, 0.0014249613, 0.11964246
0.0023048774, 0.075610004, 0.0024615359, 0.20554022, 0.18942808, 0.085829474, 0.075430155, 0.0023619542, 0.0013890428, 0.1748363
0.08964793, 0.0821015, 0.0019081176, 0.022523124, 0.05422549, 0.061748542, 0.0035191772, 0.12651043, 0.0016341791, 0.0030996297
0.16686878, 0.088887855, 0.0038093363, 0.16943955, 0.15137029, 0.0018231579, 0.17712708, 0.0016962569, 0.0013925757, 0.26083174
0.067375354, 0.14671844, 0.11135312, 0.4166064, 0.16289996, 0.00229057, 0.0020801944, 0.19509365, 0.008271788, 0.0017581632
0.18395257, 0.0016161265, 0.10716224, 0.0006381724, 0.08186746, 0.0032321555, 0.08692179, 0.022510884, 0.06538278, 0.12982361
0.15574545, 0.17688398, 0.044390112, 0.34232226, 0.002204615, 0.20628531, 0.08008979, 0.077887155, 0.0022416294, 0.010054915
0.07778048, 0.0030743605, 0.02378443, 0.06370881, 0.0054483484, 0.0028353084, 0.012901565, 0.15189046, 0.00289961, 0.06294716
0.021232856, 0.055987377, 0.10167242, 0.06425793, 0.0029750918, 0.22145131, 0.03334553, 0.15373516, 0.12966564, 0.0010189278
0.17609718, 0.06561129, 0.09693847, 0.011368875, 0.0029538665, 0.26135373, 0.0027753543, 0.17307591, 0.124397844, 0.17587759
0.08305629, 0.105277084, 0.24856819, 0.17593744, 0.0016829984, 0.002432015, 0.05145166, 0.28265154, 0.21459036, 0.002724967
0.0037454981, 0.036601458, 0.037405185, 0.00067733234, 0.027337369, 0.60284865, 0.0012720446, 0.30309907, 0.0004226178, 0.17095566
0.07293883, 0.22837022, 0.03298793, 0.21313341, 0.023727743, 0.28948432, 0.0003524539, 0.036459632, 0.34469032, 0.0022106678
0.084819086, 0.3417014, 0.00046990835, 0.0015213817, 0.29051682, 0.0002861636, 0.08795612, 0.47084552, 0.2101334, 0.0004183865
0.27493948, 0.015939036, 0.000115717376, 0.00013269504, 0.3250486, 0.007882949, 0.0002283818, 0.35214812, 0.3874761, 0.0004354742
0.04259541, 0.00025874455, 0.00014470732, 8.286494e-06, 0.15131494, 0.034196317, 0.00016445974, 0.054076213, 0.21831863, 0.38299614
0.038762048, 0.00016001708, 0.012174252, 8.8709085e-06, 0.09013221, 0.11483779, 1.5043876e-06, 0.1572804, 6.912127e-05, 0.12748535
0.07223011, 3.3524708e-10, 0.056218248, 0.10496112, 0.06476222, 2.0901025e-05, 0.01298583, 0.050607186, 0.052883893, 0.030595208
-0.0, 0.023451285, 0.005248743, 0.060695753, 0.0756148, -0.0, -0.0, 3.0792686e-05, 0.018299473, 0.05899219
0.05265691, 0.0, 0.0, 0.082785465, 0.012861162, 0.0, 0.0, 0.0, 0.0, 0.032390386
0.05811823, 0.035645433, 0.0817891, 0.0, 0.0, 0.0, 0.021380179, 0.0, 0.046392344, 0.028616205
0.046872206, 0.060772706, 4.998943e-11, 4.0377344e-07, -0.0, 0.08002748, 0.05844189, 0.17993553, 0.045800347, 1.0010487e-09
0.24034837, 0.12163322, 6.768264e-06, -0.0, 0.012268455, 0.04549528, 0.123212196, 0.4049905, 0.012116945, 3.6892507e-05
0.4457093, 0.2785215, 0.00037223156, 0.00028867467, 0.00081205537, 6.303811e-05, 0.2901152, 0.38457566, 0.000387923, 0.13960999
0.22684363, 0.0012059985, 0.08037676, 0.013445548, 0.0193524, 0.17383386, 0.017152179, 0.38194647, 0.03933907, 0.11921961
0.038197033, 0.04709138, 0.167215, 0.00018368155, 0.001185492, 0.05888132, 0.09937154, 0.39625108, 0.20017521, 0.11546806
0.001359545, 0.15697451, 0.3254169, 0.00029917507, 0.01894617, 0.07272009, 0.2866869, 0.20160376, 0.0020313505, 0.015458602
0.17007129, 0.16713099, 0.002259968, 0.00083212444, 0.2603032, 0.08998166, 0.0005150669, 0.27595034, 0.30956534, 0.0023571483
0.021548858, 0.17834975, 0.19863069, 0.15257962, 0.013771907, 0.102528386, 0.0041961404, 0.18193376, 0.007827895, 0.0022305956
0.19774406, 0.04618612, 0.12585041, 0.04062738, 0.1511789, 0.0014116239, 0.081583634, 0.34474334, 0.19256169, 0.00230293
0.06441939, 0.20313147, 0.12813126, 0.047380254, 0.13236831, 0.06718433, 0.002129248, 0.3551395, 0.056680493, 0.0016145352
0.14428754, 0.11199621, 0.16850221, 0.2160666, 0.08021806, 0.23000602, 0.001664292, 0.10873102, 0.17849165, 0.08619475
0.15872845, 0.19948633, 0.06736955, 0.02550071, 0.15033677, 0.15574664, 0.045958128, 0.15886153, 0.030266836, 0.0013733011
0.054456424, 0.03573124, 0.0017762013, 0.14855638, 0.1257637, 0.0024217814, 0.0035116198, 0.12660035, 0.12546404, 0.017325496
0.043380104, 0.023109948, 0.12653336, 0.0008655057, 0.021395432, 0.10074339, 0.0052721933, 0.0024880702, 0.0031252904, 0.0015629443
0.14897422, 0.12081351, 0.088732176, 0.026243879, 0.03680464, 0.076944895, 0.0012434643, 0.04046747, 0.14681368, 0.055196144
0.030661345, 0.009719049, 0.17487425, 0.09916013, 0.07835365, 0.16440621, 0.00217975, 0.17561725, 0.13858244, 0.0017010812
0.117690906, 0.44486824, 0.0014310211, 0.03910548, 0.051402066, 0.13710731, 0.21697019, 0.008652556, 0.06468263, 0.002899321
0.041784607, 0.23713769, 0.0010398178, 0.13786577, 0.11959315, 0.28897622, 0.0020838776, 0.002396016, 0.16465536, 0.18233714
0.2798536, 0.21656616, 0.00044654324, 0.10674473, 0.047163494, 0.3278523, 0.0009967368, 0.25685158, 0.30095947, 0.1871341
0.097452074, 0.44231632, 0.00029053618, 0.048862696, 0.32268053, 0.10341523, 0.00013953126, 0.16705488, 0.31038973, 0.06126205
0.022014298, 0.247923, 0.022535445, 0.000105328225, 0.5652112, 0.14440806, 3.021669e-05, 0.19699162, 0.00030388153, 0.3764942
0.24819364, 0.3534737, 8.48868e-05, 1.5993835e-05, 0.38311937, 0.022053523, 0.0002191759, 0.20190127, 0.073169224, 0.3118691
0.09538127, 0.072889104, 1.7985572e-05, 4.3147547e-06, 0.13256977, 0.02849072, 0.0013893438, 0.22874737, 0.04178597, 0.37851897
0.07122144, 0.06759555, 0.036652714, 5.682332e-05, 3.4555775e-05, 3.2805983e-05, 2.921879e-07, 0.09240505, 0.025604852, 0.08938617
0.021900408, -0.0, 0.046677984, 0.012681213, -0.0, 0.10033826, 0.005933928, 0.09264941, 0.013853337, 0.017642276
0.0, 0.0, 0.036291383, 0.0, 0.04133127, 0.029865973, 0.0, 0.04983986, 0.0, 0.012356535
0.0, 0.036539882, 0.0, 0.08260388, 0.06778743, 0.0, 0.0, 0.019980684, 0.029110856, 0.0
0.0, 0.0, 0.04773972, 0.0, 0.0, 0.06243097, 0.0, 0.0, 0.0, 0.0
0.09091164, 0.05775022, -0.0, -0.0, 0.036420077, 0.05007831, 0.030759137, 0.035813197, -0.0, 0.03273612
0.19158117, 5.864788e-06, -0.0, 0.108912595, -0.0, 5.781657e-06, 0.24413566, 0.30847418, 0.035893764, 7.581883e-05
0.041056678, 1.3391715e-05, 0.00010923563, 0.035006054, 0.02011487, 1.1503753e-05, 0.485247, 0.31490588, 0.007986351, 0.00018820087
0.005225305, -0.0, 0.120115094, 0.13971984, 0.11665766, -0.0, 0.45024192, 0.067218214, 0.24716434, 0.23191954
0.072720796, 0.014560046, 0.0012306799, 0.0001000678, 0.0008889599, 0.04020583, 0.40465543, 0.1400862, 0.321781, 0.06833908
0.060569454, 0.032204624, 0.024129849, 0.00030142587, 0.017433438, 0.16193664, 0.25804985, 0.08073905, 0.20744267, 0.0042253206
0.07632747, 0.14393617, 0.1284088, 0.0006181673, 0.1233499, 0.0004003678, 0.06424052, 0.09704129, 0.054200727, 0.04818913
0.10786717, 0.11889, 0.14131325, 0.042136803, 0.024996802, 0.0013909261, 0.00026625607, 0.25206557, 0.24530977, 0.01993564
0.08243833, 0.06347208, 0.1487933, 0.0002412817, 0.13841219, 0.12625122, 0.1436226, 0.27371785, 0.053881913, 0.012665844
0.24098426, 0.2301936, 0.18361071, 0.0001419383, 0.11309338, 0.09670129, 0.22898461, 0.15260167, 0.3391887, 0.0028358125
0.10981909, 0.27686766, 0.25095463, 0.10416228, 0.24350344, 0.00042200275, 0.0022795363, 0.3957762, 0.059810176, 0.022354288
0.24831162, 0.036712203, 0.26045102, 0.017707797, 0.07074184, 0.00086896314, 0.21154717, 0.2120574, 0.16783102, 0.0019803937
0.20452242, 0.3257754, 0.1999236, 0.00084148947, 0.0034626003, 0.0021937536, 0.004303577, 0.28217793, 0.015892383, 0.06222392
0.15396859, 0.0012982007, 0.05425815, 0.101673126, 0.089330405, 0.08659212, 0.05211856, 0.1284659, 0.033833057, 0.053452484
0.30673912, 0.31982636, 0.0008586113, 0.21026772, 0.18840423, 0.040394098, 0.1858741, 0.0016139385, 0.11656901, 0.0014257518
0.0006338384, 0.0018606317, 0.04088864, 0.10704294, 0.00082430436, 0.12993562, 0.03251373, 0.29626605, 0.017530883, 0.15797098
0.24407324, 0.16047494, 0.0014816149, 0.010196067, 0.15998925, 0.25271347, 0.0014774846, 0.15234758, 0.18442088, 0.20057091
0.23027891, 0.36962852, 0.1261626, -0.0, 0.2291459, 0.35288247, 0.004081647, 0.0005019987, 0.22581798, 0.14561093
0.15349229, 0.13121256, 0.0008979986, -0.0, 0.20038022, 0.19146916, 0.16436274, 0.010423078, 0.2449375, 0.24943417
0.037001032, 0.24994276, 0.0031284587, 3.2142714e-05, 0.00041590785, 0.14574978, 0.12208214, 0.2650537, 0.09146846, 0.3213247
0.13701284, 0.00042061214, 7.889312e-05, 9.510793e-06, 0.20906077, 0.03145214, 0.0524239, 0.2798144, 0.4352097, 0.119370386
9.874671e-05, 0.04816957, 4.9809637e-06, 9.968835e-06, 0.33908075, 0.11864762, 0.0015763892, 0.114676826, 0.27017498, 0.14991944
0.03434821, 0.37329426, 4.4754522e-08, 1.4299159e-05, 7.111839e-05, 0.039611638, 8.271302e-07, 0.33149254, 6.9249627e-06, 0.32433587
-0.0, 0.28503314, 0.057487894, -0.0, 3.4176148e-05, 0.0609307, -0.0, 0.12280057, 2.1183685e-05, 0.09231788
0.047054574, 0.04864039, 0.009982359, -0.0, -0.0, 0.0071551735, -0.0, 0.023316825, 0.035680477, 0.024904897
0.070331894, 0.0, 0.0, 0.025723062, 0.08274246, 0.036623403, 0.04862418, 0.0, 0.029120103, 0.072548084
0.0, 0.08255806, 0.008742794, 0.0, 0.060969524, 0.0, 0.0, 0.04561954, 0.013725266, 0.0
0.0, 0.0, 0.0, 0.083132096, 0.043176956, 0.0, 0.07210896, 0.0, 0.03919681, 0.00324516
0.00053880684, 0.0008583269, -0.0, 0.07216343, 0.0023997393, 0.08810541, 0.082383886, 0.060160864, 0.0008902222, -0.0
0.16473028, 1.6223522e-07, 0.05941725, 0.13272545, 0.008214718, 1.4789768e-07, 2.6343488e-07, 3.7838836e-07, 0.09486846, 0.09886015
0.07672652, 2.2965272e-08, 0.018650942, 0.062174153, 0.009462017, 1.3897182e-08, 0.18433523, 0.0044065285, 0.13089117, 0.16184525
0.0020438388, 5.1798645e-05, 0.000312278, 0.02903253, 0.2961987, 0.00014036219, 0.20436801, 0.1970868, 0.22525558, 0.09119988
0.19286108, 0.04147519, 0.0007268007, 0.0001436937, 0.14286804, 0.17175743, 0.2186968, 0.34883523, 0.025858454, 0.09837263
0.30875218, 0.07290435, 0.0013204429, 0.00030811838, 0.20032658, 0.08834407, 0.38571045, 0.32968408, 0.043549933, 0.058598764
0.20239875, 0.018246682, 0.0014989699, 0.00043624546, 0.28650588, 0.24597329, 0.6693863, 0.29581094, 0.08567985, 0.0008329502
0.36941102, 9.345536e-05, 0.013110472, 0.020491127, 0.1020532, 0.10518008, 0.6194995, 0.32859358, 0.21899271, 0.0010653059
0.48155823, 0.20156597, 0.0005477689, 0.00056160387, 0.30892876, 0.0001695062, 0.5697601, 0.16029395, 0.36782965, 0.009607274
0.4122499, 0.09119577, 0.0035946234, 0.093510315, 0.17057545, 0.00015345804, 0.5705597, 0.033248194, 0.18392493, 0.12125913
0.28017282, 0.09980249, 0.0010601557, 0.009583638, 0.10104607, 0.26217908, 0.48088077, 0.2044659, 0.037662555, 0.20735265
0.31831595, 0.0576467, 0.0015024475, 0.00024783897, 0.10879019, 0.08407175, 0.34180918, 0.26134372, 0.2865453, 0.14393751
0.19073804, 0.21740778, 0.0063695656, 0.00017351955, 0.23090619, 0.2210143, 0.4070131, 0.000855105, 0.16305463, 0.29540503
0.44113073, 0.27579203, 0.0008064852, 0.00024399415, 0.053142317, 0.072047986, 0.2669485, 0.063262366, 0.24692734, 0.39328533
0.34903613, 0.25746152, 0.00032200618, 0.00013745372, 0.2906182, 0.0006050261, 0.48181525, 0.19573435, 0.12583503, 0.23885524
0.5218333, 0.23073839, 0.0005789669, 0.00011301255, 0.21237102, 0.004197908, 0.311547, 0.06245653, 0.22770193, 0.3500587
0.3593066, 0.060363136, 0.0006162804, 0.00014300528, 0.13627036, 0.053841736, 0.41587383, 0.1181369, 0.37117404, 0.25739065
0.50577897, 0.03521157, 0.000355505, 5.1743515e-05, 0.12799871, 0.16112494, 0.42492047, 0.3631186, 0.0016325996, 0.12394112
0.20712042, 0.00051478756, 0.00026287694, 4.7840174e-05, 0.4147908, 0.13504998, 0.23610683, 0.02289541, 0.3048603, 0.08462761
0.3178204, 8.79988e-05, 0.0020814661, 3.922212e-05, 0.34528214, 0.005226913, 0.19803706, 0.10228345, 0.17844833, 0.2852254
0.39231107, 2.910057e-06, 0.00027604558, 0.043985136, 0.00029107227, 4.691983e-06, 0.11976801, 0.25013798, 0.18037967, 0.118547164
0.2389496, 1.0485514e-05, 1.4036732e-05, 0.099551715, 0.00071560807, 2.9843446e-05, 0.0034147014, 0.1957909, 0.17585254, 0.102344476
0.21692896, 8.924388e-06, 4.5335582e-07, 0.06399303, 7.9670506e-05, 1.544094e-05, 3.2141455e-05, 0.17665216, 0.055650964, 0.061726917
0.012350793, 0.039270528, 0.063091226, -0.0, 2.2245496e-05, 1.8341084e-06, 0.0015056508, 0.023220535, 0.033622865, 0.0957571
-0.0, 0.1376728, 0.00401734, -0.0, -0.0, 0.0414836, -0.0, 0.026745774, 0.05944867, 0.031103265
0.0, 0.0, 0.0, 0.06924739, 0.028932266, 0.025174566, 0.061546646, 0.0, 0.0, 0.050053336
0.0, 0.06840313, 0.04670564, 0.077659585, 0.03221616, 0.016113594, 0.06587266, 0.0, 0.0, 0.016590223
0.037441313, 0.0, 0.07318892, 0.0, 0.0, 0.04285059, 0.0, 0.003526114, 0.0, 0.0
0.025148116, 0.0, 0.007838726, 0.060903005, 0.0, 0.0, 0.0, 0.06009487, 0.0, 0.0
-0.0, 0.047495317, -0.0, 0.04100481, 0.08714564, 0.056809068, 4.1103707e-05, -0.0, 0.0625859, 0.00082619244
4.0034703e-07, 0.06335132, 6.779909e-06, 1.0610511e-05, 0.15665975, 0.050600566, 4.982588e-06, 0.033829246, 0.096280575, 1.4835189e-06
8.877469e-06, 0.022920161, 6.701593e-05, 4.084543e-05, 0.23224929, 0.10965813, 5.280273e-05, 0.12491295, 0.24511965, 1.7890317e-05
2.7867463e-06, 0.00017967178, 0.00013174885, 4.135122e-05, 0.3591335, 0.210026, 0.17571868, 0.035573073, 0.14119616, 0.04625379
3.608343e-07, 0.0007440479, 0.023941744, 9.219053e-08, 0.4189266, 0.17492954, 0.38871336, 6.0347443e-06, 2.8233337e-05, 0.057829283
0.00013621422, 0.056596667, 0.08627176, 3.5808156e-05, 0.41727793, 0.17428328, 0.3947948, 1.7045028e-05, 0.0001583173, 0.09920745
0.005221664, 0.0010964171, 0.03598111, 5.7311416e-05, 0.4494892, 0.15856305, 0.4173537, 0.00026114358, 0.0004915314, 0.2695552
0.018290332, 0.00053157733, 0.0005235148, 8.267364e-05, 0.3115691, 0.09531775, 0.44627032, 0.24831554, 0.00047082276, 0.321439
0.26167768, 0.0003272887, 0.0005592907, 0.000109882516, 0.3482652, 0.040485337, 0.31599933, 0.29780734, 0.00042473272, 0.26032963
0.24425071, 0.00029064773, 0.002699886, 0.016909014, 0.4080132, 6.725316e-05, 0.1582299, 0.2277999, 0.034881074, 0.30993742
0.29772836, 4.374726e-05, 0.00087440497, 0.00014494415, 0.32031384, 0.00012731765, 0.49524832, 0.25605142, 0.012552769, 0.38068157
0.2231604, 3.446663e-05, 0.000108000444, 0.000101348014, 0.5963148, 0.14850084, 0.5231023, 0.30202737, 0.000781683, 0.39284423
0.24705112, 0.00026139847, 0.0007251284, 0.0012941211, 0.18671323, 0.11554219, 0.46330732, 0.40337595, 0.023481822, 0.5038406
0.19187081, 0.00023058402, 0.0005906859, 0.00026322313, 0.34098384, 0.07734196, 0.39272895, 0.3393458, 0.0270822, 0.3336876
0.26667586, 0.00016743122, 0.00030435607, 5.3892898e-05, 0.28070945, 0.118340015, 0.5255992, 0.23061886, 0.0003397061, 0.2851415
0.11587179, 5.1916762e-05, 0.00054896297, 4.7247835e-05, 0.48582193, 0.063947834, 0.5512428, 0.13718234, 0.00019099025, 0.35795516
0.009942108, -0.0, 0.05384714, 1.328582e-05, 0.17252596, 0.00012691479, 0.467486, 0.27799577, 0.00014771204, 0.37464675
0.10530163, -0.0, -0.0, -0.0, 0.2808356, 0.09663855, 0.12878592, 0.21039288, 0.00020783352, 0.20585759
0.18750529, -0.0, 0.00030044757, 3.8550792e-07, 0.15030156, 0.06711294, 0.20562315, 0.106303334, 8.483747e-05, 0.26526418
0.088292226, -0.0, 0.088411175, -0.0, 0.035951823, 1.9823075e-05, 0.269657, 0.048345663, 7.3226434e-09, 0.22712046
0.0026261415, -0.0, 1.8900584e-05, 0.028846722, 0.120783694, 0.026180686, 0.06761918, 0.001928245, 0.02855244, 0.093549944
-0.0, 0.05382379, 0.05173577, -0.0, 0.007857081, 0.08018018, 0.017012017, 0.00045166237, 0.05184362, 0.0042914357
-0.0, -0.0, 0.020852488, 0.01966715, 0.023496022, 0.021194782, 5.4957207e-05, -0.0, 0.016865673, 3.1134517e-05
0.0, 0.0, 0.0, 0.0, 0.086429946, 0.04646691, 0.0, 0.025221735, 0.0, 0.0
0.012847029, 0.0, 0.0, 0.0, 0.0065241903, 0.0, 0.08287086, 0.035692766, 0.08450324, 0.0
0.0, 0.0, 0.0, 0.0, 0.019696087, 0.07968225, 0.010456644, 0.06454074, 0.0012716949, 0.0
0.023826636, 0.0, 0.0006394014, 0.0, 0.0, 0.0, 0.0, 0.0, 0.0457154, 0.009389162
0.041171618, 0.016944148, 0.06728078, 0.020929664, 0.0, 0.0, 0.0, 0.0, 0.060373314, 0.0
0.011691123, 0.0, 0.0, 0.007179737, 0.0056426898, 0.0, 0.084871955, 0.0, 0.036461167, 0.0
-0.0, -0.0, 0.00041020446, 2.3884872e-05, 0.04162442, -0.0, 0.0155608235, -0.0, 0.025345055, 0.06539067
-0.0, 0.04840906, 0.005113112, 0.00029695514, -0.0, -0.0, 0.0040070727, -0.0, 0.02085731, 0.0015115322
0.057588067, 0.05178045, 0.0047591445, 0.06929618, 0.008990673, 0.0025153423, 0.09639139, 0.000892201, 0.06565871, 0.008605449
0.013782935, -0.0, 0.04166192, 2.9290143e-06, 0.14329383, 0.053193193, 0.03352804, 0.008926527, -0.0, 0.058374394
1.9273107e-06, -0.0, 0.03599211, 3.1032926e-06, 0.06188844, 0.017504133, 0.04308802, 0.0063690636, -0.0, 0.084219374
2.99434e-07, -0.0, 2.8267572e-05, 0.050512306, 0.051389866, 0.014366158, 2.2087504e-05, 0.0038192882, 0.053796954, 0.041373037
0.04965455, -0.0, 0.11402023, 1.1387715e-05, 0.03288417, 8.413592e-06, 0.17297499, 0.001260471, -0.0, 0.084024556
0.071252346, -0.0, 0.07704307, 0.00050751225, 0.04997939, 0.0044700056, 0.038770273, 0.010013658, 2.6453536e-05, 0.04299868
0.025548195, -0.0, 0.03373543, 1.3246509e-05, 0.02498494, 0.0015955984, 0.049504902, 0.06760745, 4.478158e-05, 0.11885953
3.2147633e-05, -0.0, 0.22744171, 0.0063013975, 2.700698e-05, 5.9094646e-06, 0.1938426, 1.4290311e-05, 2.6087628e-06, 0.097957455
3.6477596e-07, -0.0, 0.1863812, 0.019877624, 0.05200764, 0.0026659472, 0.18734941, 2.41674e-05, 2.4176503e-05, 0.18674715
0.041849066, -0.0, 0.09788511, 0.029529093, 0.04155765, 0.04116068, 0.12039627, 1.7996037e-05, 8.449073e-05, 0.14243223
-0.0, -0.0, 0.06878229, 1.0462097e-06, 0.01072714, 3.5975354e-05, 0.0680543, 1.1716453e-05, 8.9091416e-05, 0.053959865
0.013755994, 0.00303864, 0.25064117, 0.04015132, 1.2044951e-05, -0.0, 0.24871841, -0.0, 1.4626631e-06, 0.083748646
0.00072116667, -0.0, 0.09574246, 0.05571968, 0.07803079, -0.0, 0.13700694, -0.0, 0.0003346848, 0.094298914
0.01515811, -0.0, 0.15146671, 0.00048297964, 7.153217e-05, 1.9989391e-05, 0.11771477, 0.052481316, 3.1720163e-05, 0.06514196
3.508578e-06, 0.03260894, 0.12564816, 0.08011483, 0.011232123, 0.053619996, 0.06338301, 2.5031157e-05, 0.0061606388, 0.023784291
4.324007e-07, -0.0, 0.12710302, 0.042354662, 0.017382884, 0.04151098, 0.18525796, 3.090195e-06, 2.1600692e-05, 0.08325139
0.048268847, -0.0, 0.17864977, -0.0, 2.8727998e-05, 0.0061577163, 0.2201781, -0.0, 2.9673683e-06, 0.10434329
0.038249843, 0.021124443, 0.03685855, -0.0, 0.021005783, -0.0, 0.06220894, 0.06753199, 0.01697443, 0.059713297
0.0, 0.024485983, 0.028768763, 0.0, 0.0, 0.023613103, 0.05868288, 0.0, 0.0, 0.0
0.067956395, 0.0, 0.0, 0.001326248, 0.0, 0.06454576, 0.0, 0.07625327, 0.0, 0.0
0.0, 0.08454303, 0.08191524, 0.0, 0.028633408, 0.0, 0.020592257, 0.06260357, 0.074495174, 0.0
0.032681413, 0.0, 0.03413727, 0.0, 0.0, 0.0, 0.05118812, 0.05300414, 0.02482532, 0.0






0.0051088263, 0.0023915584, 0.0038707969, 1.1907212, 0.0048498684, 3.4252863, 0.12226056, 0.013441611, 2.7323678, 0.06807442
0.8179461, 0.09296523, 3.6819491, 1.5539093, 2.1156125, 0.0067162933, 1.3171539, 0.00697711, 1.9516895, 0.008950709
1.6423897, 2.496186, 0.60356325, 0.002220685, 0.6388664, 0.0063701505, 0.0056894915, 2.7617893, 1.2699999, 0.00598996
2.731924, 0.0019444763, 0.0061921095, 0.0042062816, 0.6920446, 0.79192233, 3.7470229, 0.22073916, 0.2266566, 0.0064974115
1.542646, 0.001941517, 0.0048713293, 0.004284282, 0.07522367, 0.008097402, 0.0049020806, 0.4552895, 1.7797766, 3.357064
0.00678226, 4.200242, 0.6272031, 1.3385047, 0.0072703757, 0.006151015, 2.1580796, 0.009886497, 0.89245033, 0.82643074
0.0053568073, 0.0020419336, 0.004990204, 2.6292012, 0.9451414, 0.007863532, 0.09810695, 3.6518168, 0.08683823, 1.6347693
2.5387218, 0.8418613, 1.896279, 2.6634614, 0.005132595, 2.5619285, 0.004960665, 0.00662832, 0.0042391727, 0.37809995
0.0070466604, 0.43643677, 0.0049056415, 0.004110853, 4.094069, 1.5714388, 0.1847528, 0.27123126, 0.7771782, 1.6348267
0.0050551845, 0.07988636, 2.7300644, 0.0019292331, 0.0052239187, 1.6072187, 1.3523612, 1.9677155, 0.0020256108, 1.369357






