0.040905647
0.38796988
0.32280794
0.03044184
-0.21088979
-0.03352991
-0.06554735
-0.3769428
0.22005492
-0.032304596
0.1800108
-0.13866556
0.45133084
-0.24820797
-0.2765466
-0.17057121
-0.039178964
-0.13451636
-0.16144893
-0.18171002
-0.021073328
-0.117347844
-0.20804428
-0.0049330853
0.48175922
-0.20343372
0.4953942
0.17988893
0.004588808
-0.2609156
-0.17767891
0.0125675015
-0.32545996
0.121803716
-0.13368389
0.34405708
-0.05357682
-0.11281415
-0.090205476
-0.10271912
0.1777485
-0.097375765
0.19895758
-0.057066675
0.15849335
0.09424898
-0.055790726
-0.33576787
0.23229483
-0.24984373
-0.15978143
0.0025457793
-0.058481894
0.51076794
-0.014082799
-0.33576995
0.013039045
-0.062002532
-0.21066813
0.44572234
0.7022392
-0.043096866
-0.053760163
-0.018422378
0.016848776
-0.17232144
-0.25576106
-0.110846385
-0.23562737
0.08247489
-0.26541728
-0.02945755
0.07951628
0.1073357
-0.20517911
0.28179318
-0.045889452
0.31022042
-0.13461868
0.06714257
-0.20926571
0.17345667
-0.2491162
0.032253444
-0.16508776
0.022078319
-0.03866328
0.2000749
-0.3448954
0.19307667
0.063911
0.053688984
-0.18618204
-0.26843145
0.44797903
-0.02774692
0.04228269
-0.3309591
0.2549179
0.38219345
0.014900539
0.063269384
-0.2755078
0.015669273
-0.2676349
-0.20084266
0.15864216
0.026499039
0.22917624
0.46614966
0.5396637
-0.227598
-0.09820614
-0.12405538
-0.23722808
0.06692056
-0.06676631
0.2483199
-0.09385003
-0.090641685
-0.27698776
0.28990856
0.31686467
0.023391124
-0.08409165
0.13185441
-0.09666495
0.17189474
0.18806587
0.19047365
-0.095432565
-0.16245821
-0.41591513
0.26558945
0.32348415
-0.036364466
-0.026520288
-0.31855744
-0.26300496
-0.21665907
-0.06838679
-0.062053334
-0.07318331
-0.0077444245
0.023618175
0.40934134
0.16450004
-0.20248944
-0.27488473
-0.32754812
-0.13738178
-0.09187957
0.16544193
-0.035047643
-0.14049594
-0.13265893
0.115821764
0.39167702
0.5202829
-0.1886621
-0.037892394
-0.45683023
0.017499559
-0.0065507772
0.2194763
-0.3982287
-0.27171522
0.44138658
0.31433117
-0.0231335
0.29285938
-0.007829794
0.24342147
-0.0028815514
-0.055175003
-0.1880954
0.020731248
-0.14021206
0.105313264
0.008950917
-0.28892967
-0.29129985
-0.010334202
-0.008031346
-0.16378471
0.1921053
-0.12821457
0.08903387
-0.18698792
-0.0015347406
-0.12134495
0.62640494
0.2513281
-0.32219303
0.2249278
0.20856966
0.045169976
0.14993
-0.007565526
-0.12520964
