//255.0*10
784 20 1000 1496 39200000 58800000.0 39200
Simulated	Ideal		Calculated	Closeness in Percent rel to Ideal
0.135432	0.184488	2.070737	73.409689
0.135394	0.109829	1.959046	123.276832
0.135418	0.153579	2.024497	88.174600
0.135387	0.096275	1.938769	140.625790
0.135370	0.052955	1.873963	255.629231
0.135561	0.426084	2.432164	31.815499
0.135418	0.139721	2.003764	96.920202
0.135382	0.079832	1.914171	169.582570
0.135395	0.114157	1.965521	118.604769
0.135393	0.105954	1.953249	127.785239
0.135411	0.141157	2.005913	95.929260
0.135434	0.176834	2.059286	76.587877
0.135518	0.344878	2.310680	39.294377
0.135393	0.107198	1.955110	126.301745
0.135438	0.187873	2.075800	72.090304
0.135388	0.086403	1.924001	156.693670
0.135426	0.171996	2.052049	78.737742
0.135534	0.373579	2.353617	36.279791
0.135550	0.405211	2.400937	33.451767
0.135426	0.170786	2.050237	79.296250

101.024360
54.367929


784 20 1000 1496 19600000 29400000.0 19600

Simulated	Ideal		Calculated	Closeness in Percent rel to Ideal
0.024700	0.184488	2.070737	13.388211
0.024650	0.109829	1.959046	22.444250
0.024681	0.153579	2.024497	16.070742
0.024642	0.096275	1.938769	25.595194
0.024620	0.052955	1.873963	46.491400
0.024863	0.426084	2.432164	5.835313
0.024681	0.139721	2.003764	17.664460
0.024635	0.079832	1.914171	30.858918
0.024653	0.114157	1.965521	21.595476
0.024650	0.105954	1.953249	23.264625
0.024673	0.141157	2.005913	17.478968
0.024701	0.176834	2.059286	13.968585
0.024808	0.344878	2.310680	7.193386
0.024649	0.107198	1.955110	22.994172
0.024707	0.187873	2.075800	13.150917
0.024643	0.086403	1.924001	28.520973
0.024692	0.171996	2.052049	14.355950
0.024829	0.373579	2.353617	6.646212
0.024850	0.405211	2.400937	6.132556
0.024692	0.170786	2.050237	14.458031

18.405417
9.875572

784 20 1000 1496 15680000 23520000.0 15680
Simulated	Ideal		Calculated	Closeness in Percent rel to Ideal
-0.008981	0.184488	2.070737	-4.867918
-0.009031	0.109829	1.959046	-8.222896
-0.008999	0.153579	2.024497	-5.859810
-0.009040	0.096275	1.938769	-9.389710
-0.009062	0.052955	1.873963	-17.112951
-0.008814	0.426084	2.432164	-2.068595
-0.009000	0.139721	2.003764	-6.441339
-0.009046	0.079832	1.914171	-11.331529
-0.009029	0.114157	1.965521	-7.908958
-0.009032	0.105954	1.953249	-8.524173
-0.009008	0.141157	2.005913	-6.381587
-0.008979	0.176834	2.059286	-5.077736
-0.008870	0.344878	2.310680	-2.571908
-0.009032	0.107198	1.955110	-8.425673
-0.008973	0.187873	2.075800	-4.776264
-0.009039	0.086403	1.924001	-10.460983
-0.008989	0.171996	2.052049	-5.226196
-0.008849	0.373579	2.353617	-2.368734
-0.008828	0.405211	2.400937	-2.178566
-0.008988	0.170786	2.050237	-5.262956

-6.722924
3.655066

//255.0*62.6

784 20 1000 1496 15680000 23520000.0 15680
Simulated	Ideal		Calculated	Closeness in Percent rel to Ideal
0.003351	0.029471	0.330789	11.371597
0.003341	0.017545	0.312947	19.044859
0.003344	0.024533	0.323402	13.630765
0.003339	0.015379	0.309707	21.710640
0.003322	0.008459	0.299355	39.271319
0.003378	0.068065	0.388525	4.962935
0.003329	0.022320	0.320090	14.915461
0.003329	0.012753	0.305778	26.106768
0.003343	0.018236	0.313981	18.329515
0.003338	0.016926	0.312021	19.719920
0.003343	0.022549	0.320433	14.824388
0.003341	0.028248	0.328959	11.826171
0.003369	0.055092	0.369118	6.115064
0.003340	0.017124	0.312318	19.503594
0.003344	0.030012	0.331597	11.143902
0.003325	0.013802	0.307348	24.092442
0.003349	0.027475	0.327803	12.189908
0.003371	0.059677	0.375977	5.648449
0.003375	0.064730	0.383536	5.213943
0.003347	0.027282	0.327514	12.268785

15.594521
8.339443

784 20 1000 1496 15680000 23520000.0 17000
Simulated	Ideal		Calculated	Closeness in Percent rel to Ideal
0.016443	0.029471	0.375670	55.794448
0.016432	0.017545	0.357829	93.660945
0.016435	0.024533	0.368284	66.991718
0.016430	0.015379	0.354589	106.830589
0.016412	0.008459	0.344237	194.005898
0.016472	0.068065	0.433406	24.200526
0.016419	0.022320	0.364972	73.563783
0.016419	0.012753	0.350660	128.751759
0.016434	0.018236	0.358863	90.117245
0.016428	0.016926	0.356902	97.063347
0.016434	0.022549	0.365315	72.880639
0.016432	0.028248	0.373841	58.168832
0.016462	0.055092	0.414000	29.881087
0.016431	0.017124	0.357200	95.950328
0.016436	0.030012	0.376479	54.764670
0.016415	0.013802	0.352230	118.929582
0.016441	0.027475	0.372685	59.838550
0.016464	0.059677	0.420859	27.588845
0.016469	0.064730	0.428418	25.442140
0.016439	0.027282	0.372396	60.254669

76.733980
41.254460

784 20 1000 1496 15680000 23520000.0 13000
Simulated	Ideal		Calculated	Closeness in Percent rel to Ideal
-0.025289	0.029471	0.211627	-85.810969
-0.025298	0.017545	0.193785	-144.191143
-0.025295	0.024533	0.204240	-103.105729
-0.025300	0.015379	0.190546	-164.504593
-0.025314	0.008459	0.180193	-299.240496
-0.025267	0.068065	0.269363	-37.122183
-0.025308	0.022320	0.200928	-113.388766
-0.025308	0.012753	0.186616	-198.448421
-0.025297	0.018236	0.194819	-138.718886
-0.025301	0.016926	0.192859	-149.482831
-0.025296	0.022549	0.201272	-112.183955
-0.025298	0.028248	0.209798	-89.556692
-0.025275	0.055092	0.249956	-45.876843
-0.025299	0.017124	0.193156	-147.737366
-0.025295	0.030012	0.212435	-84.284205
-0.025311	0.013802	0.188186	-183.381902
-0.025291	0.027475	0.208641	-92.049697
-0.025273	0.059677	0.256815	-42.349580
-0.025270	0.064730	0.264374	-39.038320
-0.025293	0.027282	0.208352	-92.708681

-118.159063
63.668785


// dual stage (/10)
1 784 20 28 970.3 500000 750000 500 500000 500000 500000 500000

Simulated	Ideal		Calculated	Closeness in Percent rel to Ideal
0.141467	0.029471	3.203393	480.020986
0.141517	0.017545	-0.040319	806.613561
0.141563	0.024533	1.860495	577.019140
0.141538	0.015379	-0.629212	920.311380
0.141837	0.008459	-2.511284	1676.689314
0.141446	0.068065	13.699947	207.812046
0.141897	0.022320	1.258384	635.749256
0.141732	0.012753	-1.343566	1111.384223
0.141500	0.018236	0.147718	775.943264
0.141596	0.016926	-0.208685	836.583044
0.141567	0.022549	1.320805	627.817942
0.141709	0.028248	2.870844	501.655872
0.141459	0.055092	10.171805	256.767895
0.141547	0.017124	-0.154628	826.585554
0.141646	0.030012	3.350436	471.971411
0.141847	0.013802	-1.058103	1027.698537
0.141483	0.027475	2.660658	514.943263
0.141490	0.059677	11.418775	237.092669
0.141469	0.064730	12.793065	218.552126
0.141533	0.027282	2.608047	518.775649

661.499356
356.688512

// dual stage (/2)
1 784 20 28 970.3 500000 750000 500 500000 500000 500000 500000

Simulated	Ideal		Calculated	Closeness in Percent rel to Ideal
0.152237	0.922442	100.266217	16.503652
0.152714	0.549144	-1.261991	27.809495
0.152467	0.767897	58.233480	19.855157
0.152912	0.481373	-19.694339	31.765738
0.153382	0.264777	-78.603194	57.928534
0.150267	2.130422	428.808366	7.053374
0.152914	0.698604	39.387431	21.888543
0.153098	0.399162	-42.053621	38.354773
0.152786	0.570784	4.623562	26.767723
0.152827	0.529768	-6.531839	28.847957
0.152712	0.705787	41.341202	21.637103
0.152396	0.884171	89.857418	17.235988
0.151118	1.724391	318.377493	8.763543
0.152771	0.535989	-4.839864	28.502539
0.152167	0.939364	104.868649	16.198984
0.153188	0.432014	-33.118635	35.458920
0.152310	0.859982	83.278592	17.710796
0.150983	1.867897	357.407661	8.083051
0.150539	2.026055	400.422938	7.430150
0.152287	0.853928	81.631865	17.833729

22.781487
12.354243

// dual stage (/2) V- = -98
1 784 20 28 1233.6 500000 750000 500 500000 500000 500000 500000

Simulated	Ideal		Calculated	Closeness in Percent rel to Ideal
0.132676	0.922442	1503.607888	14.383083
0.133286	0.549144	1374.529050	24.271625
0.132970	0.767897	1450.169175	17.316185
0.133500	0.481373	1351.094911	27.733113
0.134108	0.264777	1276.200586	50.649299
0.130661	2.130422	1921.303029	6.133097
0.133450	0.698604	1426.209073	19.102431
0.133753	0.399162	1322.668228	33.508308
0.133341	0.570784	1382.011703	23.360953
0.133418	0.529768	1367.829179	25.184219
0.133229	0.705787	1428.693018	18.876714
0.132887	0.884171	1490.374565	15.029539
0.131426	1.724391	1780.905704	7.621576
0.133346	0.535989	1369.980288	24.878561
0.132667	0.939364	1509.459233	14.123093
0.133838	0.432014	1334.027807	30.980089
0.132780	0.859982	1482.010512	15.439811
0.131264	1.867897	1830.527073	7.027364
0.130898	2.026055	1885.214949	6.460738
0.132778	0.853928	1479.916931	15.549133

19.881447
10.809211

// dual stage (/2) V- = -90
1 784 20 28 1233.6 500000 750000 500 500000 500000 500000 500000

Simulated	Ideal		Calculated	Closeness in Percent rel to Ideal
0.131925	0.922442	1503.607888	14.301681
0.132500	0.549144	1374.529050	24.128404
0.132201	0.767897	1450.169175	17.215927
0.132704	0.481373	1351.094911	27.567851
0.133274	0.264777	1276.200586	50.334534
0.130011	2.130422	1921.303029	6.102608
0.132655	0.698604	1426.209073	18.988524
0.132938	0.399162	1322.668228	33.304254
0.132556	0.570784	1382.011703	23.223396
0.132623	0.529768	1367.829179	25.034212
0.132452	0.705787	1428.693018	18.766554
0.132119	0.884171	1490.374565	14.942711
0.130744	1.724391	1780.905704	7.582060
0.132557	0.535989	1369.980288	24.731317
0.131909	0.939364	1509.459233	14.042367
0.133020	0.432014	1334.027807	30.790632
0.132021	0.859982	1482.010512	15.351629
0.130591	1.867897	1830.527073	6.991366
0.130238	2.026055	1885.214949	6.428176
0.132018	0.853928	1479.916931	15.460103

19.764415
10.740395

average(v("/net5819"))
-0.02812278

// dual stage (/2) V- = -50
1 784 20 28 1233.6 500000 750000 500 500000 500000 500000 500000

Simulated	Ideal		Calculated	Closeness in Percent rel to Ideal
0.124000	0.922442	1503.607888	13.442586
0.124636	0.549144	1374.529050	22.696322
0.124220	0.767897	1450.169175	16.176671
0.124400	0.481373	1351.094911	25.842759
0.124609	0.264777	1276.200586	47.061892
0.123115	2.130422	1921.303029	5.778903
0.124109	0.698604	1426.209073	17.765280
0.124736	0.399162	1322.668228	31.249424
0.124341	0.570784	1382.011703	21.784314
0.124761	0.529768	1367.829179	23.550164
0.124276	0.705787	1428.693018	17.608104
0.124142	0.884171	1490.374565	14.040478
0.123310	1.724391	1780.905704	7.150922
0.124448	0.535989	1369.980288	23.218450
0.124465	0.939364	1509.459233	13.249909
0.124403	0.432014	1334.027807	28.796075
0.124106	0.859982	1482.010512	14.431228
0.123191	1.867897	1830.527073	6.595159
0.123267	2.026055	1885.214949	6.084098
0.124271	0.853928	1479.916931	14.552921

18.553783
10.033534

average(v("/net5819"))
0.0003192737
average(v("/net5820"))
-0.01748428

// dual stage (/2) V- = -60
1 784 20 28 1233.6 500000 750000 500 500000 500000 500000 500000

Simulated	Ideal		Calculated	Closeness in Percent rel to Ideal
0.123567	0.922442	1503.607888	13.395651
0.123802	0.549144	1374.529050	22.544517
0.123659	0.767897	1450.169175	16.103591
0.123858	0.481373	1351.094911	25.730212
0.124014	0.264777	1276.200586	46.837264
0.122840	2.130422	1921.303029	5.766008
0.123767	0.698604	1426.209073	17.716400
0.123926	0.399162	1322.668228	31.046647
0.123816	0.570784	1382.011703	21.692251
0.123844	0.529768	1367.829179	23.377083
0.123778	0.705787	1428.693018	17.537625
0.123611	0.884171	1490.374565	13.980473
0.123137	1.724391	1780.905704	7.140883
0.123802	0.535989	1369.980288	23.097841
0.123561	0.939364	1509.459233	13.153708
0.123914	0.432014	1334.027807	28.682825
0.123606	0.859982	1482.010512	14.373080
0.123082	1.867897	1830.527073	6.589335
0.122934	2.026055	1885.214949	6.067648
0.123604	0.853928	1479.916931	14.474726

18.465388
9.976360

average(v("/net5819"))
-0.006652942
average(v("/net5820"))
-0.022293

// dual stage (/2) V- = -55
1 784 20 28 1233.6 500000 750000 500 500000 500000 500000 500000

Simulated	Ideal		Calculated	Closeness in Percent rel to Ideal
0.123405	0.922442	1503.607888	13.378102
0.123681	0.549144	1374.529050	22.522440
0.123506	0.767897	1450.169175	16.083722
0.123686	0.481373	1351.094911	25.694526
0.123830	0.264777	1276.200586	46.767624
0.122726	2.130422	1921.303029	5.760629
0.123565	0.698604	1426.209073	17.687454
0.123786	0.399162	1322.668228	31.011538
0.123647	0.570784	1382.011703	21.662569
0.123733	0.529768	1367.829179	23.355975
0.123607	0.705787	1428.693018	17.513312
0.123459	0.884171	1490.374565	13.963288
0.122982	1.724391	1780.905704	7.131885
0.123650	0.535989	1369.980288	23.069446
0.123469	0.939364	1509.459233	13.143934
0.123722	0.432014	1334.027807	28.638500
0.123452	0.859982	1482.010512	14.355224
0.122923	1.867897	1830.527073	6.580838
0.122816	2.026055	1885.214949	6.061814
0.123473	0.853928	1479.916931	14.459368

18.442109
9.961780

average(v("/net5819"))
-0.00317479
average(v("/net5820"))
-0.01987962

// dual stage (/2) V- = -57
1 784 20 28 1233.6 500000 750000 500 500000 500000 500000 500000

Simulated	Ideal		Calculated	Closeness in Percent rel to Ideal
0.123430	0.922442	1503.607888	13.380786
0.123677	0.549144	1374.529050	22.521754
0.123524	0.767897	1450.169175	16.085959
0.123711	0.481373	1351.094911	25.699549
0.123856	0.264777	1276.200586	46.777374
0.122740	2.130422	1921.303029	5.761281
0.123606	0.698604	1426.209073	17.693313
0.123789	0.399162	1322.668228	31.012322
0.123671	0.570784	1382.011703	21.666775
0.123722	0.529768	1367.829179	23.353952
0.123633	0.705787	1428.693018	17.516969
0.123477	0.884171	1490.374565	13.965306
0.123012	1.724391	1780.905704	7.133659
0.123664	0.535989	1369.980288	23.072065
0.123454	0.939364	1509.459233	13.142259
0.123755	0.432014	1334.027807	28.645944
0.123472	0.859982	1482.010512	14.357507
0.122957	1.867897	1830.527073	6.582651
0.122829	2.026055	1885.214949	6.062493
0.123479	0.853928	1479.916931	14.460111

18.444601
9.963439

average(v("/net5819"))
-0.004570007
average(v("/net5820"))
-0.02084703

// dual stage (/2) V- = -51
1 784 20 28 1233.6 500000 750000 500 500000 500000 500000 500000

Simulated	Ideal		Calculated	Closeness in Percent rel to Ideal
0.123730	0.922442	1503.607888	13.413353
0.124260	0.549144	1374.529050	22.627916
0.123908	0.767897	1450.169175	16.135996
0.124082	0.481373	1351.094911	25.776728
0.124277	0.264777	1276.200586	46.936267
0.122943	2.130422	1921.303029	5.770829
0.123854	0.698604	1426.209073	17.728737
0.124359	0.399162	1322.668228	31.154893
0.124031	0.570784	1382.011703	21.729852
0.124372	0.529768	1367.829179	23.476587
0.123977	0.705787	1428.693018	17.565708
0.123832	0.884171	1490.374565	14.005406
0.123156	1.724391	1780.905704	7.141982
0.124106	0.535989	1369.980288	23.154518
0.124078	0.939364	1509.459233	13.208715
0.124097	0.432014	1334.027807	28.725230
0.123811	0.859982	1482.010512	14.396955
0.123064	1.867897	1830.527073	6.588371
0.123065	2.026055	1885.214949	6.074123
0.123938	0.853928	1479.916931	14.513862

18.506301
10.003565

average(v("/net5819"))
-0.0003791552
average(v("/net5820"))
-0.01795854

//1 784 20 28 2822.4 500000 750000 500 500000 500000 500000 500000

Simulated	Ideal		Calculated	Closeness in Percent rel to Ideal
0.113640	0.922442	9971.626299	12.319497
0.113643	0.549144	9676.301953	20.694617
0.113639	0.767897	9849.361849	14.798769
0.113668	0.481373	9622.686101	23.613277
0.113691	0.264777	9451.332548	42.938459
0.113551	2.130422	10927.286777	5.329979
0.113684	0.698604	9794.542628	16.273046
0.113664	0.399162	9557.647621	28.475537
0.113668	0.570784	9693.421796	19.914362
0.113644	0.529768	9660.973065	21.451639
0.113671	0.705787	9800.225739	16.105580
0.113629	0.884171	9941.349278	12.851523
0.113615	1.724391	10606.066436	6.588720
0.113651	0.535989	9665.894667	21.203922
0.113597	0.939364	9985.013811	12.093017
0.113685	0.432014	9583.637630	26.315178
0.113631	0.859982	9922.212847	13.213222
0.113616	1.867897	10719.597041	6.082561
0.113568	2.026055	10844.719496	5.605397
0.113621	0.853928	9917.422863	13.305744

16.958702
9.135147

average(v("/net5819"))
0.000155284
average(v("/net3024"))
-0.4797922

//1 784 20 28 2800 500000 750000 500 500000 500000 500000 500000

Simulated	Ideal		Calculated	Closeness in Percent rel to Ideal
0.113667	0.922442	9852.238325	12.322404
0.113670	0.549144	9559.257823	20.699561
0.113666	0.767897	9730.944228	14.802280
0.113695	0.481373	9506.067494	23.618897
0.113718	0.264777	9336.073890	42.948744
0.113578	2.130422	10800.314197	5.331222
0.113711	0.698604	9676.560080	16.276927
0.113691	0.399162	9441.545192	28.482375
0.113695	0.570784	9576.241795	19.919111
0.113671	0.529768	9544.050593	21.456783
0.113698	0.705787	9682.198087	16.109417
0.113656	0.884171	9822.201598	12.854577
0.113642	1.724391	10481.643224	6.590260
0.113678	0.535989	9548.933135	21.208967
0.113625	0.939364	9865.519587	12.095897
0.113713	0.432014	9467.328932	26.321470
0.113658	0.859982	9803.217044	13.216347
0.113643	1.867897	10594.272791	6.083986
0.113595	2.026055	10718.402211	5.606705
0.113648	0.853928	9798.465075	13.308896

16.962741
9.137346

average(v("/net5819"))
0.0001478282
average(v("/net5820"))
-0.01776632

//1 784 20 28 2000 500000 750000 500 500000 500000 500000 500000
Simulated	Ideal		Calculated	Closeness in Percent rel to Ideal
0.115515	0.922442	5588.382127	12.522687
0.115589	0.549144	5379.110339	21.048943
0.115540	0.767897	5501.743486	15.046295
0.115609	0.481373	5341.117247	24.016519
0.115668	0.264777	5219.693244	43.684968
0.115269	2.130422	6265.579178	5.410636
0.115596	0.698604	5462.897666	16.546752
0.115627	0.399162	5295.029889	28.967343
0.115602	0.570784	5391.241748	20.253195
0.115595	0.529768	5368.248032	21.819861
0.115601	0.705787	5466.924814	16.378993
0.115521	0.884171	5566.927322	13.065424
0.115402	1.724391	6037.957054	6.692359
0.115588	0.535989	5371.735562	21.565338
0.115490	0.939364	5597.868742	12.294522
0.115635	0.432014	5313.446846	26.766434
0.115512	0.859982	5553.366926	13.431868
0.115380	1.867897	6118.406745	6.177026
0.115304	2.026055	6207.070616	5.691084
0.115513	0.853928	5549.972662	13.527208

17.245373
9.296926

average(v("/net5819"))
-0.0001199238
average(v("/net5820"))
-0.01786397

// too high > 0, too low < 0
1 784 20 28 2400 500000 750000 500 500000 500000 500000 500000

Simulated	Ideal		Calculated	Closeness in Percent rel to Ideal
0.114301	0.922442	7720.310226	12.391141
0.114324	0.549144	7469.184081	20.818607
0.114308	0.767897	7616.343857	14.885908
0.114344	0.481373	7423.592371	23.753641
0.114377	0.264777	7277.883567	43.197289
0.114177	2.130422	8532.946687	5.359348
0.114353	0.698604	7569.728873	16.368740
0.114347	0.399162	7368.287540	28.646858
0.114344	0.570784	7483.741771	20.032749
0.114325	0.529768	7456.149313	21.580222
0.114346	0.705787	7574.561450	16.201264
0.114297	0.884171	7694.564460	12.927059
0.114254	1.724391	8259.800139	6.625775
0.114328	0.535989	7460.334349	21.330245
0.114267	0.939364	7731.694165	12.164329
0.114365	0.432014	7390.387889	26.472471
0.114294	0.859982	7678.291985	13.290218
0.114247	1.867897	8356.339768	6.116319
0.114197	2.026055	8462.736414	5.636436
0.114288	0.853928	7674.218869	13.383794

17.059121
9.190955

average(v("/net5819"))
1.431167e-05
average(v("/net5820"))
-0.01781502

// 1 784 20 28 2200 500000 750000 500 500000 500000 500000 500000

Simulated	Ideal		Calculated	Closeness in Percent rel to Ideal
0.114784	0.922442	6654.346176	12.443543
0.114816	0.549144	6424.147210	20.908209
0.114794	0.767897	6559.043671	14.949175
0.114840	0.481373	6382.354809	23.856823
0.114882	0.264777	6248.788406	43.388203
0.114623	2.130422	7399.262932	5.380318
0.114849	0.698604	6516.313270	16.439763
0.114844	0.399162	6331.658715	28.771210
0.114839	0.570784	6437.491759	20.119532
0.114817	0.529768	6412.198673	21.672985
0.114843	0.705787	6520.743132	16.271581
0.114779	0.884171	6630.745891	12.981565
0.114724	1.724391	7148.878597	6.653016
0.114821	0.535989	6416.034956	21.422277
0.114743	0.939364	6664.781453	12.214926
0.114865	0.432014	6351.917367	26.588271
0.114774	0.859982	6615.829455	13.346122
0.114712	1.867897	7237.373257	6.141213
0.114648	2.026055	7334.903515	5.658700
0.114769	0.853928	6612.095765	13.440115

17.132377
9.232076

average(v("/net5819"))
-5.271539e-05
average(v("/net5820"))
-0.01783946

//1 784 20 28 2300 500000 750000 500 500000 500000 500000 500000

Simulated	Ideal		Calculated	Closeness in Percent rel to Ideal
0.114524	0.922442	7187.328201	12.415257
0.114549	0.549144	6946.665646	20.859598
0.114532	0.767897	7087.693764	14.914980
0.114571	0.481373	6902.973590	23.800918
0.114608	0.264777	6763.335986	43.284624
0.114384	2.130422	7966.104810	5.369074
0.114580	0.698604	7043.021071	16.401357
0.114574	0.399162	6849.973128	28.703675
0.114571	0.570784	6960.616765	20.072558
0.114550	0.529768	6934.173993	21.622592
0.114574	0.705787	7047.652291	16.233545
0.114519	0.884171	7162.655175	12.952105
0.114471	1.724391	7704.339368	6.638366
0.114554	0.535989	6938.184652	21.372416
0.114485	0.939364	7198.237809	12.187521
0.114594	0.432014	6871.152628	26.525567
0.114515	0.859982	7147.060720	13.315918
0.114461	1.867897	7796.856513	6.127815
0.114406	2.026055	7898.819964	5.646754
0.114509	0.853928	7143.157317	13.409658

17.092715
9.209726

average(v("/net5819"))
-1.917931e-05
average(v("/net5820"))
-0.01782723

// 1 784 20 28 2350 500000 750000 500 500000 500000 500000 500000
Simulated	Ideal		Calculated	Closeness in Percent rel to Ideal
0.114408	0.922442	7453.819214	12.402755
0.114433	0.549144	7207.924863	20.838345
0.114416	0.767897	7352.018810	14.899912
0.114453	0.481373	7163.282980	23.776387
0.114488	0.264777	7020.609777	43.239289
0.114277	2.130422	8249.525748	5.364045
0.114462	0.698604	7306.374972	16.384429
0.114457	0.399162	7109.130334	28.674203
0.114453	0.570784	7222.179268	20.051908
0.114433	0.529768	7195.161653	21.600618
0.114456	0.705787	7311.106871	16.216799
0.114404	0.884171	7428.609818	12.939128
0.114359	1.724391	7982.069753	6.631843
0.114437	0.535989	7199.259500	21.350548
0.114372	0.939364	7464.965987	12.175513
0.114475	0.432014	7130.770258	26.498016
0.114400	0.859982	7412.676352	13.302598
0.114350	1.867897	8076.598140	6.121857
0.114298	2.026055	8180.778189	5.641418
0.114394	0.853928	7408.688093	13.396257

17.075293
9.199979

// 1 784 20 28 2350 1211000 1816500 1211 500000 500000 500000 500000

Simulated	Ideal		Calculated	Closeness in Percent rel to Ideal
0.111502	0.922442	7453.819214	12.087746
0.111509	0.549144	7207.924863	20.305906
0.111504	0.767897	7352.018810	14.520674
0.111518	0.481373	7163.282980	23.166590
0.111527	0.264777	7020.609777	42.120983
0.111459	2.130422	8249.525748	5.231779
0.111518	0.698604	7306.374972	15.963037
0.111517	0.399162	7109.130334	27.937690
0.111516	0.570784	7222.179268	19.537318
0.111510	0.529768	7195.161653	21.048845
0.111516	0.705787	7311.106871	15.800193
0.111499	0.884171	7428.609818	12.610602
0.111486	1.724391	7982.069753	6.465219
0.111511	0.535989	7199.259500	20.804761
0.111489	0.939364	7464.965987	11.868571
0.111522	0.432014	7130.770258	25.814453
0.111501	0.859982	7412.676352	12.965485
0.111485	1.867897	8076.598140	5.968491
0.111466	2.026055	8180.778189	5.501647
0.111498	0.853928	7408.688093	13.057029

16.638851
8.960850

average(v("/net5819"))
-2.428193e-06
average(v("/net5820"))
-0.01782112

//1 784 20 28 2350 2422000 3633000.0 2422 500000 500000 500000 500000

Simulated	Ideal		Calculated	Closeness in Percent rel to Ideal
0.110464	0.922442	7453.819214	11.975179
0.110464	0.549144	7207.924863	20.115718
0.110464	0.767897	7352.018810	14.385293
0.110464	0.481373	7163.282980	22.947814
0.110465	0.264777	7020.609777	41.719930
0.110463	2.130422	8249.525748	5.185027
0.110465	0.698604	7306.374972	15.812208
0.110465	0.399162	7109.130334	27.674108
0.110465	0.570784	7222.179268	19.353112
0.110464	0.529768	7195.161653	20.851443
0.110465	0.705787	7311.106871	15.651257
0.110464	0.884171	7428.609818	12.493520
0.110464	1.724391	7982.069753	6.405956
0.110464	0.535989	7199.259500	20.609429
0.110464	0.939364	7464.965987	11.759421
0.110465	0.432014	7130.770258	25.569703
0.110464	0.859982	7412.676352	12.844916
0.110464	1.867897	8076.598140	5.913798
0.110463	2.026055	8180.778189	5.452131
0.110464	0.853928	7408.688093	12.935988

16.482797
8.874971

// 1 784 20 28 2350 250000 375000 250 500000 500000 500000 500000

Simulated	Ideal		Calculated	Closeness in Percent rel to Ideal
0.119176	0.922442	7453.819214	12.919613
0.119235	0.549144	7207.924863	21.712780
0.119187	0.767897	7352.018810	15.521187
0.119324	0.481373	7163.282980	24.788231
0.119450	0.264777	7020.609777	45.113587
0.118708	2.130422	8249.525748	5.572057
0.119377	0.698604	7306.374972	17.087943
0.119312	0.399162	7109.130334	29.890524
0.119323	0.570784	7222.179268	20.905103
0.119224	0.529768	7195.161653	22.504849
0.119346	0.705787	7311.106871	16.909570
0.119134	0.884171	7428.609818	13.474110
0.119039	1.724391	7982.069753	6.903221
0.119261	0.535989	7199.259500	22.250565
0.118996	0.939364	7464.965987	12.667756
0.119406	0.432014	7130.770258	27.639422
0.119123	0.859982	7412.676352	13.851773
0.119000	1.867897	8076.598140	6.370776
0.118785	2.026055	8180.778189	5.862879
0.119097	0.853928	7408.688093	13.946989

17.794647
9.602465